1 2
2 3
2 4
2 5
4 6
4 7
4 8
4 9
7 10
7 11
8 12
10 13
5 14
12 15
10 16
5 17
11 18
13 19
4 20
19 21
21 22
11 23
1 24
6 25
13 26
16 27
12 28
16 29
1 30
15 31
12 32
12 33
26 34
4 35
13 36
8 37
11 38
28 39
5 40
7 41
18 42
32 43
9 44
10 45
8 46
32 47
10 48
9 49
38 50
3 51
27 52
8 53
34 54
20 55
31 56
41 57
33 58
36 59
24 60
28 61
1 62
18 63
57 64
28 65
25 66
64 67
54 68
5 69
38 70
57 71
60 72
24 73
35 74
28 75
39 76
60 77
3 78
68 79
39 80
8 81
18 82
35 83
20 84
50 85
63 86
9 87
26 88
32 89
86 90
84 91
5 92
6 93
77 94
72 95
33 96
46 97
63 98
32 99
95 100
34 101
25 102
32 103
38 104
8 105
52 106
13 107
98 108
75 109
8 110
26 111
38 112
15 113
23 114
90 115
113 116
16 117
12 118
92 119
24 120
54 121
85 122
10 123
100 124
81 125
