1 2
1 3
3 4
2 5
4 6
2 7
6 8
6 9
9 10
1 11
9 12
8 13
11 14
4 15
10 16
6 17
16 18
11 19
13 20
17 21
1 22
6 23
21 24
15 25
25 26
3 27
19 28
15 29
27 30
12 31
8 32
31 33
31 34
3 35
13 36
36 37
15 38
37 39
33 40
4 41
36 42
7 43
38 44
37 45
22 46
46 47
17 48
32 49
6 50
28 51
41 52
20 53
18 54
30 55
40 56
17 57
13 58
53 59
5 60
25 61
1 62
40 63
14 64
44 65
28 66
28 67
66 68
49 69
47 70
7 71
58 72
23 73
11 74
7 75
24 76
58 77
48 78
12 79
28 80
5 81
62 82
11 83
19 84
48 85
58 86
9 87
10 88
40 89
40 90
69 91
32 92
33 93
1 94
88 95
18 96
53 97
12 98
28 99
74 100
32 101
53 102
4 103
8 104
86 105
11 106
10 107
88 108
59 109
96 110
48 111
48 112
106 113
65 114
106 115
43 116
40 117
107 118
7 119
77 120
56 121
116 122
87 123
26 124
111 125
101 126
98 127
48 128
88 129
106 130
101 131
61 132
64 133
22 134
80 135
34 136
89 137
28 138
93 139
11 140
27 141
88 142
111 143
73 144
107 145
8 146
24 147
66 148
132 149
17 150
18 151
6 152
2 153
129 154
75 155
35 156
107 157
31 158
79 159
136 160
58 161
124 162
33 163
120 164
102 165
76 166
136 167
129 168
156 169
84 170
149 171
168 172
143 173
87 174
29 175
67 176
82 177
83 178
68 179
47 180
102 181
165 182
33 183
133 184
66 185
14 186
24 187
169 188
10 189
138 190
19 191
137 192
95 193
172 194
2 195
186 196
143 197
31 198
127 199
90 200
15 201
58 202
97 203
2 204
52 205
90 206
155 207
10 208
11 209
34 210
167 211
83 212
30 213
37 214
103 215
38 216
111 217
192 218
60 219
216 220
4 221
74 222
80 223
134 224
224 225
27 226
61 227
121 228
194 229
135 230
119 231
66 232
56 233
37 234
28 235
84 236
206 237
138 238
222 239
135 240
226 241
207 242
32 243
70 244
119 245
158 246
205 247
165 248
86 249
13 250
245 251
207 252
59 253
208 254
243 255
108 256
75 257
173 258
16 259
183 260
36 261
90 262
89 263
46 264
18 265
172 266
189 267
236 268
248 269
191 270
25 271
127 272
42 273
30 274
17 275
119 276
172 277
117 278
56 279
277 280
277 281
50 282
253 283
221 284
138 285
158 286
27 287
220 288
22 289
210 290
207 291
264 292
41 293
136 294
11 295
208 296
30 297
62 298
205 299
3 300
61 301
112 302
164 303
167 304
271 305
154 306
92 307
22 308
53 309
115 310
305 311
2 312
246 313
166 314
239 315
211 316
167 317
234 318
77 319
71 320
234 321
29 322
122 323
140 324
172 325
21 326
204 327
171 328
267 329
261 330
89 331
124 332
124 333
284 334
89 335
176 336
314 337
129 338
247 339
89 340
234 341
265 342
294 343
197 344
79 345
15 346
201 347
307 348
104 349
242 350
105 351
143 352
44 353
181 354
32 355
39 356
335 357
310 358
162 359
177 360
94 361
6 362
87 363
184 364
261 365
246 366
248 367
105 368
131 369
225 370
217 371
165 372
210 373
82 374
289 375
347 376
178 377
359 378
19 379
191 380
105 381
146 382
313 383
339 384
274 385
324 386
251 387
68 388
201 389
197 390
77 391
76 392
129 393
139 394
195 395
248 396
346 397
320 398
148 399
148 400
14 401
62 402
375 403
359 404
48 405
270 406
168 407
199 408
149 409
48 410
193 411
286 412
157 413
42 414
87 415
277 416
235 417
257 418
321 419
360 420
268 421
149 422
23 423
117 424
314 425
138 426
55 427
346 428
221 429
320 430
104 431
159 432
116 433
211 434
227 435
32 436
189 437
99 438
57 439
315 440
392 441
104 442
427 443
10 444
54 445
259 446
122 447
233 448
434 449
273 450
349 451
154 452
383 453
356 454
368 455
275 456
445 457
47 458
249 459
371 460
347 461
110 462
7 463
201 464
361 465
459 466
259 467
329 468
340 469
366 470
124 471
370 472
118 473
465 474
272 475
257 476
19 477
23 478
185 479
183 480
357 481
188 482
174 483
221 484
333 485
118 486
22 487
53 488
133 489
482 490
427 491
369 492
393 493
25 494
341 495
408 496
33 497
252 498
329 499
90 500
111 501
258 502
201 503
269 504
127 505
11 506
16 507
140 508
477 509
402 510
214 511
33 512
242 513
504 514
428 515
316 516
19 517
376 518
465 519
415 520
367 521
473 522
337 523
104 524
400 525
193 526
329 527
203 528
365 529
95 530
185 531
460 532
371 533
240 534
65 535
113 536
328 537
373 538
466 539
372 540
63 541
517 542
283 543
282 544
179 545
430 546
93 547
119 548
416 549
1 550
3 551
171 552
256 553
40 554
177 555
344 556
16 557
130 558
519 559
290 560
15 561
49 562
60 563
465 564
41 565
137 566
282 567
485 568
166 569
60 570
46 571
305 572
12 573
141 574
100 575
324 576
23 577
75 578
92 579
101 580
569 581
26 582
554 583
524 584
182 585
177 586
137 587
366 588
293 589
488 590
287 591
1 592
198 593
503 594
485 595
155 596
262 597
373 598
114 599
340 600
329 601
219 602
136 603
436 604
310 605
265 606
486 607
534 608
435 609
99 610
311 611
251 612
25 613
15 614
239 615
586 616
604 617
63 618
586 619
411 620
565 621
154 622
134 623
359 624
189 625
278 626
137 627
70 628
138 629
303 630
302 631
115 632
399 633
311 634
513 635
97 636
92 637
354 638
195 639
421 640
319 641
434 642
440 643
46 644
6 645
592 646
359 647
386 648
175 649
118 650
454 651
409 652
214 653
142 654
252 655
556 656
630 657
561 658
444 659
4 660
559 661
578 662
458 663
373 664
173 665
89 666
249 667
562 668
290 669
361 670
484 671
301 672
178 673
605 674
44 675
389 676
124 677
63 678
160 679
479 680
590 681
3 682
233 683
571 684
646 685
228 686
299 687
403 688
187 689
282 690
553 691
615 692
369 693
654 694
96 695
602 696
666 697
560 698
497 699
289 700
413 701
574 702
74 703
97 704
653 705
459 706
249 707
99 708
114 709
368 710
42 711
252 712
486 713
172 714
452 715
292 716
640 717
238 718
384 719
120 720
635 721
297 722
78 723
237 724
117 725
575 726
557 727
702 728
696 729
338 730
684 731
512 732
154 733
604 734
275 735
652 736
193 737
57 738
322 739
615 740
652 741
505 742
353 743
689 744
213 745
135 746
706 747
586 748
24 749
538 750
336 751
595 752
365 753
737 754
590 755
184 756
555 757
63 758
367 759
366 760
681 761
120 762
535 763
739 764
160 765
436 766
722 767
582 768
536 769
87 770
370 771
327 772
677 773
463 774
681 775
468 776
365 777
413 778
247 779
121 780
301 781
435 782
404 783
448 784
497 785
345 786
409 787
149 788
739 789
691 790
474 791
671 792
360 793
129 794
180 795
164 796
234 797
388 798
273 799
4 800
61 801
400 802
189 803
553 804
47 805
384 806
178 807
351 808
425 809
631 810
251 811
169 812
743 813
260 814
442 815
133 816
519 817
633 818
744 819
780 820
806 821
788 822
473 823
319 824
491 825
510 826
88 827
754 828
384 829
789 830
312 831
688 832
114 833
241 834
684 835
742 836
364 837
494 838
535 839
152 840
39 841
45 842
332 843
471 844
39 845
189 846
188 847
812 848
212 849
100 850
796 851
223 852
517 853
347 854
327 855
276 856
244 857
474 858
36 859
612 860
737 861
697 862
786 863
227 864
424 865
454 866
711 867
289 868
245 869
848 870
407 871
434 872
677 873
632 874
790 875
480 876
300 877
835 878
832 879
714 880
725 881
870 882
211 883
79 884
801 885
246 886
331 887
526 888
293 889
232 890
850 891
659 892
864 893
772 894
615 895
68 896
226 897
395 898
41 899
98 900
381 901
859 902
742 903
568 904
245 905
173 906
379 907
100 908
34 909
847 910
53 911
629 912
901 913
911 914
639 915
750 916
107 917
332 918
820 919
332 920
559 921
626 922
212 923
519 924
776 925
730 926
686 927
493 928
805 929
451 930
186 931
553 932
655 933
894 934
594 935
826 936
890 937
686 938
265 939
50 940
802 941
472 942
574 943
770 944
362 945
692 946
851 947
304 948
516 949
66 950
215 951
51 952
743 953
334 954
713 955
76 956
25 957
682 958
518 959
44 960
544 961
718 962
587 963
156 964
295 965
606 966
783 967
608 968
757 969
433 970
700 971
877 972
937 973
200 974
48 975
180 976
698 977
924 978
328 979
307 980
638 981
555 982
584 983
474 984
961 985
436 986
96 987
777 988
716 989
94 990
115 991
806 992
7 993
183 994
93 995
424 996
568 997
158 998
940 999
939 1000
208 1001
105 1002
73 1003
692 1004
812 1005
27 1006
276 1007
272 1008
704 1009
808 1010
920 1011
473 1012
15 1013
589 1014
415 1015
946 1016
894 1017
1012 1018
307 1019
899 1020
731 1021
587 1022
697 1023
824 1024
852 1025
695 1026
996 1027
300 1028
638 1029
382 1030
524 1031
553 1032
172 1033
419 1034
850 1035
47 1036
121 1037
513 1038
454 1039
200 1040
322 1041
397 1042
53 1043
920 1044
860 1045
364 1046
858 1047
991 1048
821 1049
681 1050
178 1051
346 1052
980 1053
193 1054
363 1055
136 1056
505 1057
504 1058
604 1059
1035 1060
711 1061
290 1062
435 1063
986 1064
399 1065
1025 1066
874 1067
376 1068
931 1069
250 1070
1030 1071
309 1072
454 1073
86 1074
37 1075
691 1076
296 1077
866 1078
451 1079
839 1080
518 1081
352 1082
67 1083
962 1084
942 1085
630 1086
626 1087
978 1088
1036 1089
517 1090
339 1091
114 1092
455 1093
995 1094
344 1095
174 1096
567 1097
445 1098
388 1099
523 1100
463 1101
818 1102
1033 1103
572 1104
356 1105
663 1106
647 1107
974 1108
884 1109
863 1110
649 1111
495 1112
288 1113
786 1114
307 1115
363 1116
1034 1117
124 1118
347 1119
273 1120
1048 1121
626 1122
357 1123
210 1124
870 1125
195 1126
904 1127
1004 1128
4 1129
971 1130
484 1131
147 1132
963 1133
74 1134
865 1135
374 1136
501 1137
937 1138
304 1139
569 1140
842 1141
665 1142
505 1143
268 1144
164 1145
598 1146
660 1147
458 1148
296 1149
1103 1150
113 1151
1027 1152
1055 1153
340 1154
865 1155
738 1156
89 1157
564 1158
743 1159
213 1160
444 1161
844 1162
409 1163
868 1164
104 1165
654 1166
642 1167
357 1168
695 1169
602 1170
904 1171
544 1172
44 1173
335 1174
1024 1175
268 1176
1094 1177
183 1178
994 1179
1096 1180
909 1181
149 1182
530 1183
33 1184
270 1185
684 1186
815 1187
884 1188
482 1189
763 1190
237 1191
870 1192
43 1193
586 1194
745 1195
969 1196
920 1197
303 1198
874 1199
290 1200
790 1201
1010 1202
158 1203
924 1204
626 1205
443 1206
370 1207
42 1208
778 1209
671 1210
436 1211
652 1212
933 1213
329 1214
50 1215
904 1216
464 1217
1073 1218
1186 1219
694 1220
982 1221
708 1222
1027 1223
800 1224
358 1225
425 1226
608 1227
1193 1228
876 1229
842 1230
581 1231
797 1232
858 1233
360 1234
1149 1235
641 1236
67 1237
448 1238
62 1239
1145 1240
235 1241
1143 1242
100 1243
555 1244
229 1245
651 1246
464 1247
64 1248
660 1249
335 1250
748 1251
277 1252
1007 1253
602 1254
1179 1255
1155 1256
818 1257
384 1258
852 1259
792 1260
367 1261
979 1262
368 1263
10 1264
961 1265
521 1266
197 1267
245 1268
169 1269
497 1270
258 1271
1187 1272
437 1273
535 1274
434 1275
1022 1276
572 1277
288 1278
832 1279
300 1280
1007 1281
369 1282
707 1283
633 1284
798 1285
1047 1286
517 1287
1015 1288
65 1289
734 1290
61 1291
431 1292
759 1293
821 1294
971 1295
332 1296
205 1297
506 1298
610 1299
487 1300
534 1301
543 1302
240 1303
1133 1304
1047 1305
1246 1306
126 1307
1247 1308
1151 1309
1183 1310
120 1311
1021 1312
459 1313
1292 1314
526 1315
951 1316
989 1317
16 1318
1308 1319
732 1320
360 1321
32 1322
1137 1323
511 1324
786 1325
1115 1326
321 1327
910 1328
897 1329
334 1330
367 1331
851 1332
1141 1333
1048 1334
1209 1335
980 1336
593 1337
701 1338
163 1339
1159 1340
719 1341
525 1342
656 1343
235 1344
528 1345
320 1346
530 1347
265 1348
523 1349
170 1350
1164 1351
39 1352
550 1353
245 1354
265 1355
221 1356
1171 1357
178 1358
1028 1359
874 1360
1022 1361
857 1362
1023 1363
1029 1364
1349 1365
1117 1366
1341 1367
469 1368
835 1369
931 1370
162 1371
988 1372
969 1373
728 1374
1036 1375
625 1376
687 1377
1083 1378
544 1379
637 1380
985 1381
283 1382
815 1383
477 1384
998 1385
1157 1386
510 1387
1258 1388
615 1389
193 1390
1197 1391
471 1392
669 1393
19 1394
1361 1395
1352 1396
1102 1397
944 1398
177 1399
1279 1400
305 1401
1042 1402
881 1403
1266 1404
82 1405
1045 1406
197 1407
273 1408
1211 1409
69 1410
256 1411
400 1412
574 1413
273 1414
207 1415
1217 1416
1256 1417
1037 1418
680 1419
376 1420
581 1421
279 1422
785 1423
1362 1424
1424 1425
766 1426
1253 1427
924 1428
818 1429
42 1430
724 1431
1154 1432
473 1433
208 1434
349 1435
724 1436
668 1437
695 1438
1359 1439
401 1440
27 1441
183 1442
1081 1443
570 1444
470 1445
264 1446
1004 1447
1115 1448
861 1449
930 1450
102 1451
1376 1452
332 1453
111 1454
1316 1455
900 1456
1246 1457
451 1458
1404 1459
966 1460
1003 1461
1043 1462
171 1463
1342 1464
469 1465
335 1466
1384 1467
1040 1468
837 1469
1050 1470
302 1471
1307 1472
367 1473
204 1474
696 1475
884 1476
209 1477
136 1478
252 1479
832 1480
16 1481
897 1482
935 1483
198 1484
157 1485
874 1486
1281 1487
642 1488
1134 1489
932 1490
593 1491
1377 1492
1413 1493
1000 1494
662 1495
1438 1496
657 1497
610 1498
1184 1499
933 1500
1242 1501
1158 1502
227 1503
1502 1504
850 1505
171 1506
1373 1507
992 1508
1402 1509
226 1510
16 1511
1257 1512
939 1513
572 1514
1311 1515
246 1516
1511 1517
42 1518
531 1519
700 1520
856 1521
846 1522
168 1523
1350 1524
1309 1525
769 1526
751 1527
430 1528
322 1529
144 1530
189 1531
1073 1532
1297 1533
485 1534
454 1535
787 1536
43 1537
895 1538
601 1539
129 1540
1385 1541
1246 1542
754 1543
373 1544
1492 1545
1403 1546
1517 1547
1214 1548
22 1549
1185 1550
969 1551
853 1552
501 1553
29 1554
427 1555
1551 1556
550 1557
1259 1558
464 1559
1383 1560
1183 1561
705 1562
1246 1563
582 1564
566 1565
919 1566
1398 1567
1288 1568
1083 1569
122 1570
175 1571
1060 1572
1129 1573
1343 1574
417 1575
29 1576
898 1577
1385 1578
437 1579
1482 1580
74 1581
886 1582
24 1583
820 1584
495 1585
1224 1586
1089 1587
881 1588
854 1589
271 1590
446 1591
867 1592
1548 1593
1110 1594
472 1595
419 1596
469 1597
1358 1598
1059 1599
1276 1600
714 1601
998 1602
708 1603
700 1604
1363 1605
878 1606
681 1607
390 1608
850 1609
698 1610
284 1611
787 1612
740 1613
330 1614
1547 1615
591 1616
788 1617
1080 1618
217 1619
1033 1620
1085 1621
868 1622
277 1623
1057 1624
29 1625
833 1626
774 1627
884 1628
313 1629
115 1630
86 1631
902 1632
1430 1633
1402 1634
917 1635
1188 1636
1437 1637
1319 1638
867 1639
1524 1640
601 1641
595 1642
685 1643
520 1644
1249 1645
1644 1646
1354 1647
1338 1648
219 1649
214 1650
1003 1651
232 1652
945 1653
1392 1654
1216 1655
698 1656
1229 1657
911 1658
187 1659
1204 1660
316 1661
1145 1662
1263 1663
531 1664
1560 1665
1242 1666
636 1667
14 1668
467 1669
1095 1670
819 1671
1023 1672
1621 1673
168 1674
292 1675
1397 1676
99 1677
1397 1678
53 1679
745 1680
329 1681
613 1682
310 1683
1083 1684
162 1685
1127 1686
1662 1687
914 1688
233 1689
1071 1690
892 1691
618 1692
723 1693
676 1694
15 1695
898 1696
940 1697
630 1698
612 1699
1325 1700
559 1701
1420 1702
877 1703
428 1704
416 1705
1427 1706
1068 1707
1636 1708
1184 1709
424 1710
1593 1711
741 1712
1414 1713
259 1714
1615 1715
1332 1716
1213 1717
587 1718
1002 1719
827 1720
1503 1721
830 1722
1544 1723
1116 1724
1429 1725
1395 1726
1686 1727
1212 1728
1655 1729
973 1730
1680 1731
1696 1732
943 1733
1196 1734
571 1735
598 1736
342 1737
457 1738
32 1739
724 1740
1047 1741
678 1742
1210 1743
1089 1744
736 1745
1330 1746
520 1747
494 1748
639 1749
7 1750
1463 1751
827 1752
1195 1753
1233 1754
1271 1755
61 1756
134 1757
1616 1758
1588 1759
142 1760
1438 1761
1543 1762
1188 1763
1713 1764
1386 1765
1673 1766
1447 1767
434 1768
256 1769
1491 1770
678 1771
84 1772
1501 1773
62 1774
301 1775
827 1776
617 1777
1038 1778
745 1779
1058 1780
1041 1781
733 1782
1445 1783
129 1784
11 1785
1133 1786
335 1787
909 1788
213 1789
947 1790
35 1791
598 1792
87 1793
355 1794
21 1795
306 1796
40 1797
173 1798
80 1799
1336 1800
789 1801
1459 1802
1070 1803
1353 1804
942 1805
1652 1806
677 1807
1647 1808
1179 1809
1190 1810
1345 1811
946 1812
693 1813
560 1814
168 1815
440 1816
1398 1817
795 1818
328 1819
882 1820
1181 1821
66 1822
6 1823
665 1824
17 1825
331 1826
1254 1827
1444 1828
1542 1829
233 1830
131 1831
1686 1832
658 1833
1306 1834
1070 1835
1397 1836
1314 1837
897 1838
1066 1839
1446 1840
247 1841
973 1842
1638 1843
1331 1844
1193 1845
1799 1846
1809 1847
780 1848
1341 1849
1453 1850
314 1851
1122 1852
199 1853
1475 1854
1433 1855
493 1856
518 1857
1152 1858
232 1859
1110 1860
1565 1861
127 1862
771 1863
229 1864
1261 1865
441 1866
259 1867
1098 1868
749 1869
808 1870
1100 1871
174 1872
1385 1873
540 1874
1549 1875
752 1876
1523 1877
918 1878
120 1879
623 1880
525 1881
349 1882
1868 1883
1856 1884
1495 1885
341 1886
1789 1887
278 1888
892 1889
1678 1890
396 1891
662 1892
338 1893
42 1894
1641 1895
1161 1896
22 1897
739 1898
183 1899
1365 1900
1218 1901
376 1902
327 1903
404 1904
1065 1905
1894 1906
1288 1907
1378 1908
103 1909
7 1910
714 1911
116 1912
59 1913
1166 1914
1068 1915
1824 1916
572 1917
35 1918
1239 1919
1637 1920
319 1921
1395 1922
1523 1923
1679 1924
1033 1925
872 1926
1637 1927
23 1928
1255 1929
1262 1930
442 1931
1717 1932
91 1933
1345 1934
858 1935
1661 1936
6 1937
1505 1938
1513 1939
1353 1940
638 1941
1633 1942
1005 1943
1418 1944
1880 1945
602 1946
234 1947
1464 1948
992 1949
1070 1950
180 1951
1673 1952
41 1953
363 1954
403 1955
1505 1956
100 1957
349 1958
1698 1959
1424 1960
1262 1961
1387 1962
1346 1963
1688 1964
56 1965
526 1966
456 1967
246 1968
1630 1969
389 1970
1128 1971
1049 1972
1671 1973
1158 1974
1707 1975
548 1976
530 1977
1162 1978
627 1979
1951 1980
1876 1981
212 1982
996 1983
534 1984
830 1985
1455 1986
1740 1987
1028 1988
418 1989
1143 1990
1223 1991
1638 1992
1627 1993
469 1994
1708 1995
438 1996
856 1997
1674 1998
1588 1999
1630 2000
