1 2
1 3
1 4
4 5
1 6
1 7
7 8
8 9
6 10
3 11
6 12
8 13
7 14
5 15
10 16
2 17
3 18
15 19
4 20
1 21
16 22
5 23
21 24
7 25
17 26
15 27
7 28
4 29
11 30
22 31
23 32
8 33
18 34
25 35
19 36
20 37
34 38
31 39
4 40
33 41
12 42
22 43
33 44
29 45
44 46
37 47
39 48
19 49
47 50
17 51
3 52
15 53
39 54
49 55
45 56
11 57
22 58
17 59
24 60
45 61
35 62
60 63
50 64
43 65
1 66
65 67
38 68
6 69
13 70
50 71
4 72
3 73
46 74
66 75
53 76
61 77
32 78
3 79
79 80
4 81
57 82
33 83
42 84
27 85
34 86
78 87
72 88
50 89
82 90
27 91
83 92
30 93
41 94
37 95
61 96
79 97
93 98
53 99
69 100
35 101
99 102
83 103
78 104
80 105
50 106
7 107
65 108
11 109
45 110
84 111
94 112
32 113
59 114
81 115
109 116
79 117
112 118
45 119
10 120
108 121
105 122
54 123
75 124
96 125
123 126
28 127
23 128
88 129
13 130
43 131
10 132
31 133
58 134
33 135
74 136
33 137
19 138
52 139
25 140
26 141
64 142
103 143
129 144
52 145
118 146
40 147
103 148
33 149
51 150
68 151
126 152
22 153
38 154
64 155
78 156
129 157
117 158
78 159
111 160
70 161
116 162
26 163
88 164
142 165
11 166
138 167
73 168
34 169
126 170
6 171
11 172
99 173
130 174
80 175
89 176
111 177
16 178
68 179
43 180
150 181
40 182
72 183
116 184
103 185
162 186
73 187
125 188
108 189
83 190
135 191
28 192
105 193
169 194
146 195
181 196
44 197
181 198
56 199
51 200
70 201
150 202
32 203
117 204
82 205
144 206
183 207
10 208
112 209
129 210
7 211
160 212
33 213
195 214
63 215
142 216
154 217
70 218
209 219
215 220
176 221
190 222
4 223
214 224
52 225
19 226
78 227
179 228
189 229
56 230
129 231
108 232
98 233
181 234
157 235
193 236
51 237
44 238
53 239
175 240
74 241
223 242
179 243
9 244
121 245
30 246
237 247
98 248
236 249
187 250
228 251
19 252
157 253
40 254
172 255
189 256
222 257
113 258
4 259
8 260
162 261
231 262
41 263
117 264
133 265
81 266
71 267
5 268
83 269
129 270
209 271
93 272
238 273
10 274
119 275
39 276
211 277
47 278
167 279
210 280
280 281
116 282
131 283
146 284
186 285
119 286
111 287
160 288
269 289
230 290
275 291
116 292
175 293
133 294
265 295
213 296
100 297
3 298
39 299
252 300
253 301
148 302
264 303
269 304
37 305
36 306
274 307
286 308
73 309
75 310
21 311
153 312
2 313
180 314
309 315
218 316
115 317
56 318
265 319
272 320
168 321
150 322
215 323
259 324
190 325
99 326
132 327
286 328
281 329
29 330
228 331
284 332
254 333
197 334
317 335
108 336
11 337
266 338
232 339
20 340
283 341
140 342
312 343
96 344
133 345
111 346
264 347
28 348
161 349
348 350
96 351
156 352
236 353
140 354
260 355
112 356
31 357
196 358
239 359
285 360
140 361
236 362
89 363
264 364
304 365
331 366
262 367
151 368
319 369
223 370
202 371
324 372
269 373
136 374
201 375
206 376
254 377
280 378
358 379
276 380
146 381
94 382
25 383
58 384
309 385
51 386
194 387
113 388
129 389
371 390
16 391
124 392
234 393
38 394
333 395
3 396
360 397
291 398
342 399
121 400
329 401
167 402
195 403
164 404
201 405
246 406
377 407
397 408
78 409
61 410
152 411
283 412
50 413
114 414
111 415
239 416
137 417
335 418
272 419
22 420
117 421
250 422
240 423
263 424
21 425
363 426
133 427
245 428
170 429
355 430
52 431
430 432
198 433
368 434
361 435
426 436
125 437
338 438
188 439
308 440
104 441
112 442
189 443
2 444
310 445
347 446
364 447
435 448
103 449
337 450
177 451
276 452
237 453
428 454
387 455
438 456
33 457
12 458
123 459
114 460
184 461
410 462
318 463
149 464
162 465
197 466
178 467
448 468
107 469
414 470
218 471
82 472
131 473
365 474
40 475
107 476
384 477
207 478
305 479
160 480
111 481
169 482
266 483
349 484
417 485
323 486
346 487
211 488
248 489
9 490
403 491
220 492
429 493
201 494
337 495
304 496
402 497
42 498
349 499
483 500
148 501
16 502
318 503
150 504
146 505
313 506
298 507
469 508
195 509
471 510
299 511
359 512
288 513
413 514
465 515
406 516
156 517
409 518
459 519
70 520
78 521
11 522
223 523
510 524
459 525
434 526
499 527
193 528
403 529
522 530
229 531
488 532
516 533
28 534
350 535
262 536
460 537
506 538
294 539
54 540
138 541
489 542
479 543
18 544
390 545
124 546
41 547
36 548
477 549
438 550
387 551
479 552
535 553
374 554
382 555
48 556
287 557
449 558
506 559
197 560
249 561
39 562
94 563
272 564
79 565
326 566
20 567
393 568
549 569
568 570
546 571
548 572
416 573
229 574
471 575
358 576
93 577
268 578
528 579
388 580
482 581
15 582
550 583
154 584
341 585
274 586
387 587
534 588
510 589
411 590
261 591
175 592
191 593
296 594
507 595
563 596
386 597
239 598
115 599
241 600
584 601
190 602
355 603
294 604
246 605
469 606
180 607
33 608
576 609
329 610
133 611
247 612
232 613
128 614
500 615
382 616
29 617
543 618
144 619
227 620
315 621
516 622
468 623
241 624
38 625
391 626
491 627
252 628
589 629
165 630
488 631
502 632
112 633
117 634
435 635
444 636
387 637
6 638
142 639
628 640
217 641
527 642
587 643
367 644
527 645
372 646
479 647
560 648
574 649
5 650
364 651
277 652
459 653
311 654
178 655
455 656
118 657
72 658
428 659
454 660
660 661
547 662
303 663
232 664
430 665
473 666
606 667
119 668
649 669
332 670
91 671
121 672
428 673
31 674
217 675
189 676
66 677
136 678
121 679
434 680
44 681
43 682
71 683
414 684
428 685
52 686
162 687
319 688
672 689
590 690
219 691
269 692
586 693
60 694
543 695
75 696
391 697
404 698
293 699
357 700
432 701
492 702
188 703
326 704
594 705
471 706
230 707
60 708
65 709
428 710
5 711
370 712
201 713
16 714
589 715
619 716
51 717
325 718
448 719
378 720
207 721
148 722
357 723
129 724
240 725
60 726
487 727
516 728
162 729
65 730
661 731
606 732
470 733
45 734
631 735
52 736
122 737
681 738
426 739
459 740
346 741
26 742
729 743
703 744
437 745
218 746
497 747
320 748
639 749
304 750
671 751
180 752
498 753
42 754
136 755
174 756
113 757
357 758
3 759
582 760
475 761
609 762
570 763
118 764
533 765
77 766
620 767
228 768
545 769
311 770
436 771
421 772
730 773
165 774
14 775
229 776
221 777
446 778
325 779
71 780
367 781
80 782
259 783
247 784
748 785
407 786
49 787
732 788
714 789
694 790
3 791
716 792
762 793
707 794
536 795
92 796
210 797
727 798
255 799
109 800
230 801
507 802
516 803
602 804
515 805
636 806
155 807
255 808
676 809
171 810
481 811
718 812
238 813
659 814
471 815
5 816
671 817
249 818
699 819
640 820
157 821
204 822
806 823
621 824
232 825
792 826
606 827
767 828
258 829
392 830
333 831
727 832
400 833
263 834
261 835
677 836
560 837
428 838
186 839
428 840
366 841
105 842
157 843
331 844
626 845
315 846
491 847
111 848
605 849
499 850
421 851
686 852
12 853
619 854
552 855
684 856
710 857
226 858
264 859
682 860
776 861
232 862
631 863
579 864
481 865
144 866
339 867
791 868
501 869
17 870
155 871
492 872
62 873
345 874
19 875
757 876
807 877
820 878
570 879
703 880
95 881
829 882
199 883
239 884
110 885
502 886
194 887
461 888
7 889
131 890
370 891
45 892
186 893
497 894
501 895
1 896
311 897
649 898
882 899
326 900
674 901
878 902
239 903
633 904
242 905
289 906
727 907
836 908
525 909
724 910
115 911
480 912
657 913
741 914
333 915
908 916
326 917
182 918
74 919
784 920
108 921
719 922
328 923
147 924
485 925
266 926
558 927
289 928
21 929
880 930
375 931
458 932
81 933
195 934
288 935
555 936
918 937
51 938
301 939
826 940
472 941
498 942
637 943
811 944
420 945
260 946
374 947
423 948
792 949
252 950
843 951
729 952
772 953
916 954
606 955
635 956
608 957
325 958
304 959
205 960
958 961
621 962
900 963
68 964
898 965
474 966
712 967
257 968
66 969
598 970
410 971
943 972
104 973
253 974
266 975
687 976
122 977
867 978
206 979
979 980
620 981
310 982
958 983
740 984
341 985
808 986
422 987
405 988
392 989
968 990
414 991
249 992
100 993
187 994
758 995
762 996
83 997
466 998
168 999
979 1000
390 1001
842 1002
378 1003
170 1004
528 1005
405 1006
89 1007
755 1008
746 1009
415 1010
471 1011
545 1012
313 1013
674 1014
54 1015
420 1016
941 1017
990 1018
179 1019
692 1020
736 1021
440 1022
539 1023
167 1024
952 1025
338 1026
401 1027
493 1028
125 1029
665 1030
897 1031
993 1032
19 1033
370 1034
60 1035
477 1036
556 1037
561 1038
618 1039
715 1040
751 1041
397 1042
582 1043
374 1044
641 1045
403 1046
356 1047
786 1048
608 1049
272 1050
565 1051
607 1052
1011 1053
464 1054
352 1055
245 1056
521 1057
182 1058
202 1059
21 1060
576 1061
255 1062
253 1063
566 1064
955 1065
662 1066
739 1067
1044 1068
584 1069
90 1070
638 1071
242 1072
856 1073
18 1074
73 1075
327 1076
537 1077
963 1078
332 1079
796 1080
51 1081
569 1082
228 1083
167 1084
48 1085
889 1086
408 1087
639 1088
778 1089
59 1090
579 1091
829 1092
1081 1093
303 1094
1071 1095
636 1096
575 1097
274 1098
976 1099
1074 1100
72 1101
145 1102
654 1103
497 1104
912 1105
123 1106
600 1107
109 1108
752 1109
998 1110
726 1111
564 1112
73 1113
671 1114
247 1115
821 1116
592 1117
530 1118
664 1119
144 1120
978 1121
285 1122
1003 1123
912 1124
887 1125
35 1126
643 1127
1015 1128
281 1129
150 1130
487 1131
217 1132
312 1133
148 1134
238 1135
29 1136
162 1137
802 1138
1131 1139
405 1140
461 1141
1057 1142
191 1143
919 1144
115 1145
926 1146
991 1147
205 1148
317 1149
136 1150
1051 1151
1018 1152
637 1153
293 1154
731 1155
781 1156
1064 1157
555 1158
765 1159
235 1160
1068 1161
404 1162
766 1163
735 1164
58 1165
917 1166
716 1167
592 1168
629 1169
908 1170
1143 1171
114 1172
226 1173
1133 1174
976 1175
10 1176
991 1177
653 1178
13 1179
39 1180
794 1181
91 1182
868 1183
854 1184
438 1185
451 1186
657 1187
1143 1188
353 1189
770 1190
968 1191
789 1192
860 1193
93 1194
150 1195
273 1196
132 1197
606 1198
799 1199
151 1200
802 1201
749 1202
19 1203
638 1204
1062 1205
590 1206
365 1207
566 1208
503 1209
1123 1210
877 1211
250 1212
34 1213
491 1214
1112 1215
907 1216
326 1217
534 1218
315 1219
945 1220
164 1221
261 1222
161 1223
1181 1224
56 1225
1165 1226
670 1227
1191 1228
695 1229
534 1230
19 1231
939 1232
477 1233
180 1234
482 1235
11 1236
537 1237
154 1238
1148 1239
815 1240
685 1241
574 1242
196 1243
50 1244
782 1245
639 1246
222 1247
124 1248
184 1249
756 1250
702 1251
167 1252
555 1253
39 1254
9 1255
201 1256
130 1257
834 1258
309 1259
668 1260
438 1261
1182 1262
1068 1263
520 1264
386 1265
416 1266
176 1267
989 1268
848 1269
1042 1270
1210 1271
1245 1272
1269 1273
709 1274
784 1275
466 1276
50 1277
1111 1278
934 1279
232 1280
406 1281
513 1282
124 1283
904 1284
1233 1285
937 1286
565 1287
1152 1288
859 1289
575 1290
1211 1291
890 1292
815 1293
892 1294
381 1295
157 1296
273 1297
367 1298
767 1299
931 1300
587 1301
724 1302
791 1303
411 1304
710 1305
1087 1306
164 1307
827 1308
878 1309
1058 1310
569 1311
1072 1312
819 1313
442 1314
1020 1315
725 1316
1174 1317
1238 1318
833 1319
1212 1320
808 1321
1078 1322
935 1323
821 1324
696 1325
50 1326
195 1327
1276 1328
299 1329
86 1330
1174 1331
504 1332
538 1333
495 1334
1044 1335
1072 1336
419 1337
99 1338
928 1339
115 1340
709 1341
185 1342
521 1343
16 1344
251 1345
555 1346
249 1347
623 1348
1074 1349
28 1350
1320 1351
490 1352
936 1353
958 1354
386 1355
1131 1356
491 1357
430 1358
1204 1359
965 1360
588 1361
601 1362
287 1363
1351 1364
1080 1365
675 1366
386 1367
492 1368
1017 1369
478 1370
4 1371
765 1372
1173 1373
48 1374
534 1375
951 1376
89 1377
876 1378
1229 1379
476 1380
705 1381
277 1382
1342 1383
1052 1384
499 1385
163 1386
930 1387
100 1388
402 1389
142 1390
361 1391
937 1392
158 1393
742 1394
1191 1395
552 1396
923 1397
99 1398
548 1399
1366 1400
537 1401
1170 1402
342 1403
989 1404
576 1405
709 1406
1380 1407
820 1408
53 1409
1216 1410
1229 1411
1202 1412
463 1413
1185 1414
1153 1415
1336 1416
680 1417
700 1418
697 1419
458 1420
1416 1421
792 1422
238 1423
207 1424
44 1425
1048 1426
340 1427
763 1428
168 1429
1306 1430
304 1431
439 1432
1396 1433
1009 1434
206 1435
567 1436
145 1437
540 1438
849 1439
514 1440
718 1441
126 1442
126 1443
70 1444
106 1445
97 1446
53 1447
1077 1448
321 1449
1336 1450
920 1451
112 1452
400 1453
1185 1454
1014 1455
86 1456
193 1457
479 1458
370 1459
663 1460
13 1461
1052 1462
587 1463
497 1464
702 1465
1058 1466
84 1467
477 1468
815 1469
1183 1470
1119 1471
557 1472
568 1473
322 1474
352 1475
247 1476
1328 1477
1210 1478
740 1479
576 1480
753 1481
393 1482
898 1483
813 1484
775 1485
855 1486
793 1487
1438 1488
1136 1489
17 1490
166 1491
778 1492
455 1493
1288 1494
1397 1495
1306 1496
1 1497
577 1498
781 1499
1140 1500
970 1501
1362 1502
595 1503
1132 1504
1497 1505
726 1506
738 1507
137 1508
614 1509
649 1510
372 1511
678 1512
969 1513
136 1514
912 1515
540 1516
1090 1517
36 1518
379 1519
308 1520
901 1521
902 1522
61 1523
950 1524
1005 1525
466 1526
1470 1527
800 1528
928 1529
568 1530
1437 1531
1499 1532
65 1533
1376 1534
1471 1535
1038 1536
550 1537
568 1538
141 1539
613 1540
1315 1541
468 1542
1531 1543
516 1544
1516 1545
564 1546
55 1547
1427 1548
1189 1549
560 1550
1480 1551
559 1552
361 1553
934 1554
1352 1555
1013 1556
1430 1557
176 1558
272 1559
1271 1560
121 1561
1155 1562
322 1563
1534 1564
1005 1565
1369 1566
981 1567
922 1568
237 1569
637 1570
97 1571
676 1572
1019 1573
1439 1574
211 1575
1176 1576
1538 1577
632 1578
471 1579
1148 1580
1427 1581
1424 1582
641 1583
249 1584
1207 1585
1194 1586
1227 1587
552 1588
1039 1589
615 1590
698 1591
158 1592
695 1593
925 1594
438 1595
293 1596
1384 1597
1161 1598
1139 1599
733 1600
871 1601
338 1602
1479 1603
564 1604
1342 1605
931 1606
350 1607
1110 1608
1397 1609
190 1610
979 1611
1178 1612
1197 1613
1368 1614
742 1615
723 1616
625 1617
662 1618
789 1619
935 1620
125 1621
951 1622
320 1623
1348 1624
1151 1625
498 1626
556 1627
1608 1628
1089 1629
939 1630
1494 1631
712 1632
22 1633
167 1634
442 1635
271 1636
42 1637
550 1638
913 1639
1568 1640
699 1641
1192 1642
1042 1643
1055 1644
617 1645
745 1646
108 1647
607 1648
890 1649
368 1650
1332 1651
1021 1652
1082 1653
700 1654
178 1655
896 1656
491 1657
1030 1658
416 1659
1471 1660
231 1661
967 1662
488 1663
1093 1664
1169 1665
1070 1666
970 1667
542 1668
543 1669
903 1670
1631 1671
172 1672
1458 1673
1556 1674
593 1675
666 1676
1496 1677
1431 1678
864 1679
178 1680
405 1681
977 1682
378 1683
1428 1684
1081 1685
1500 1686
551 1687
294 1688
1331 1689
1337 1690
1655 1691
618 1692
424 1693
872 1694
1565 1695
363 1696
1189 1697
970 1698
1006 1699
1329 1700
1432 1701
812 1702
1251 1703
1371 1704
213 1705
940 1706
1144 1707
1386 1708
202 1709
1094 1710
842 1711
1590 1712
831 1713
1001 1714
921 1715
1667 1716
1294 1717
1404 1718
1493 1719
938 1720
1661 1721
956 1722
920 1723
685 1724
1022 1725
829 1726
1278 1727
546 1728
635 1729
348 1730
408 1731
710 1732
248 1733
380 1734
656 1735
69 1736
130 1737
532 1738
602 1739
1642 1740
442 1741
1697 1742
1622 1743
904 1744
1564 1745
1650 1746
1573 1747
312 1748
1531 1749
610 1750
1234 1751
612 1752
815 1753
1065 1754
1176 1755
820 1756
581 1757
975 1758
1278 1759
794 1760
155 1761
798 1762
56 1763
89 1764
559 1765
86 1766
1155 1767
1386 1768
255 1769
1529 1770
49 1771
390 1772
54 1773
169 1774
1755 1775
1423 1776
1731 1777
1244 1778
686 1779
289 1780
1054 1781
781 1782
1348 1783
961 1784
647 1785
1360 1786
958 1787
684 1788
1554 1789
1354 1790
1501 1791
1446 1792
304 1793
717 1794
656 1795
1298 1796
1230 1797
1668 1798
852 1799
1700 1800
1458 1801
1139 1802
480 1803
1747 1804
146 1805
1719 1806
1069 1807
458 1808
1492 1809
116 1810
1330 1811
385 1812
1107 1813
1775 1814
1049 1815
1106 1816
369 1817
1467 1818
120 1819
646 1820
752 1821
1474 1822
199 1823
137 1824
840 1825
483 1826
1569 1827
273 1828
1759 1829
607 1830
320 1831
22 1832
332 1833
175 1834
1288 1835
669 1836
892 1837
1679 1838
5 1839
1344 1840
1364 1841
1077 1842
1202 1843
259 1844
176 1845
384 1846
1161 1847
1310 1848
395 1849
1124 1850
1674 1851
38 1852
1190 1853
978 1854
567 1855
1837 1856
1697 1857
654 1858
486 1859
1455 1860
1372 1861
1113 1862
785 1863
87 1864
1505 1865
1137 1866
987 1867
560 1868
1631 1869
809 1870
1548 1871
1661 1872
1513 1873
750 1874
1091 1875
489 1876
1229 1877
1314 1878
1091 1879
1508 1880
1588 1881
1065 1882
479 1883
446 1884
1811 1885
594 1886
1295 1887
1427 1888
1498 1889
1357 1890
665 1891
400 1892
1014 1893
472 1894
296 1895
531 1896
712 1897
1515 1898
147 1899
38 1900
1341 1901
1645 1902
184 1903
838 1904
1658 1905
360 1906
93 1907
20 1908
1087 1909
139 1910
1056 1911
710 1912
486 1913
1425 1914
1717 1915
978 1916
437 1917
518 1918
632 1919
1172 1920
606 1921
651 1922
1714 1923
1262 1924
863 1925
101 1926
645 1927
774 1928
1604 1929
1751 1930
1485 1931
997 1932
107 1933
1199 1934
692 1935
1248 1936
1318 1937
1166 1938
484 1939
1063 1940
362 1941
1094 1942
1386 1943
316 1944
1448 1945
459 1946
1123 1947
431 1948
311 1949
993 1950
1061 1951
22 1952
1694 1953
917 1954
1685 1955
825 1956
156 1957
230 1958
1895 1959
1375 1960
1927 1961
1113 1962
530 1963
1102 1964
1885 1965
1425 1966
106 1967
970 1968
1 1969
1697 1970
1313 1971
1306 1972
1959 1973
1908 1974
1120 1975
687 1976
504 1977
1748 1978
502 1979
1835 1980
534 1981
1406 1982
1894 1983
1152 1984
1141 1985
1939 1986
601 1987
1005 1988
1882 1989
659 1990
1834 1991
1555 1992
1330 1993
1408 1994
1568 1995
1960 1996
329 1997
1145 1998
1996 1999
403 2000
771 2001
1309 2002
1369 2003
211 2004
975 2005
604 2006
416 2007
25 2008
231 2009
380 2010
142 2011
1858 2012
624 2013
1248 2014
1177 2015
173 2016
949 2017
7 2018
628 2019
1242 2020
373 2021
1259 2022
1528 2023
1053 2024
168 2025
1014 2026
1337 2027
1546 2028
294 2029
683 2030
155 2031
1232 2032
194 2033
1157 2034
104 2035
1765 2036
337 2037
271 2038
749 2039
1726 2040
1374 2041
735 2042
1798 2043
572 2044
1609 2045
1757 2046
2031 2047
1978 2048
166 2049
1423 2050
849 2051
200 2052
872 2053
1256 2054
1169 2055
1490 2056
1492 2057
647 2058
713 2059
178 2060
461 2061
1010 2062
215 2063
1481 2064
1508 2065
915 2066
1844 2067
196 2068
36 2069
1478 2070
359 2071
1044 2072
25 2073
762 2074
1842 2075
827 2076
1063 2077
953 2078
1039 2079
1643 2080
703 2081
544 2082
220 2083
464 2084
1636 2085
746 2086
226 2087
1379 2088
1564 2089
1586 2090
830 2091
215 2092
1347 2093
1493 2094
561 2095
938 2096
597 2097
1697 2098
2081 2099
244 2100
565 2101
63 2102
1300 2103
1874 2104
1491 2105
1585 2106
857 2107
366 2108
2082 2109
517 2110
527 2111
1627 2112
1020 2113
1140 2114
1277 2115
1261 2116
638 2117
227 2118
154 2119
1913 2120
600 2121
1372 2122
462 2123
637 2124
394 2125
383 2126
43 2127
1421 2128
678 2129
1739 2130
258 2131
1187 2132
1585 2133
1266 2134
1951 2135
1516 2136
698 2137
1674 2138
322 2139
665 2140
1367 2141
116 2142
154 2143
1659 2144
1782 2145
871 2146
1318 2147
2040 2148
1791 2149
1995 2150
1499 2151
1825 2152
1522 2153
216 2154
2107 2155
538 2156
1201 2157
1556 2158
1307 2159
835 2160
266 2161
978 2162
258 2163
479 2164
1421 2165
1934 2166
963 2167
1003 2168
169 2169
1334 2170
1157 2171
1895 2172
2061 2173
1351 2174
1414 2175
956 2176
1526 2177
939 2178
1746 2179
1927 2180
154 2181
1292 2182
695 2183
797 2184
535 2185
371 2186
2096 2187
620 2188
571 2189
667 2190
1318 2191
186 2192
670 2193
2020 2194
1927 2195
2023 2196
1931 2197
821 2198
1915 2199
589 2200
1394 2201
1956 2202
62 2203
753 2204
721 2205
1439 2206
1199 2207
247 2208
1159 2209
1933 2210
2133 2211
18 2212
1218 2213
1472 2214
1044 2215
1910 2216
1310 2217
10 2218
661 2219
1328 2220
672 2221
2030 2222
551 2223
559 2224
2129 2225
613 2226
1743 2227
1717 2228
1731 2229
708 2230
875 2231
1076 2232
548 2233
1646 2234
312 2235
1315 2236
49 2237
269 2238
2057 2239
1404 2240
983 2241
239 2242
302 2243
1176 2244
1015 2245
2236 2246
1308 2247
180 2248
1366 2249
1024 2250
461 2251
2232 2252
2048 2253
2188 2254
151 2255
2006 2256
1803 2257
1055 2258
1800 2259
1267 2260
662 2261
854 2262
1792 2263
427 2264
1761 2265
1436 2266
8 2267
2121 2268
2230 2269
68 2270
594 2271
195 2272
942 2273
137 2274
901 2275
1610 2276
1895 2277
1373 2278
1295 2279
1479 2280
825 2281
1803 2282
1433 2283
1574 2284
1042 2285
368 2286
1735 2287
285 2288
802 2289
973 2290
1933 2291
712 2292
1264 2293
2157 2294
992 2295
926 2296
2022 2297
1136 2298
2197 2299
155 2300
1396 2301
412 2302
1415 2303
63 2304
2134 2305
393 2306
1065 2307
187 2308
536 2309
364 2310
1069 2311
1139 2312
1151 2313
1028 2314
1295 2315
1121 2316
428 2317
1308 2318
1735 2319
1018 2320
255 2321
1059 2322
1476 2323
677 2324
564 2325
361 2326
835 2327
1836 2328
1565 2329
1017 2330
936 2331
1814 2332
1365 2333
1218 2334
1073 2335
1806 2336
2288 2337
1115 2338
2181 2339
524 2340
746 2341
300 2342
169 2343
363 2344
1458 2345
796 2346
1729 2347
1341 2348
899 2349
679 2350
630 2351
1294 2352
706 2353
528 2354
1504 2355
1949 2356
1821 2357
133 2358
2191 2359
837 2360
1010 2361
1492 2362
1847 2363
1711 2364
777 2365
1271 2366
2336 2367
684 2368
136 2369
492 2370
1161 2371
456 2372
1472 2373
1603 2374
1707 2375
1605 2376
2208 2377
80 2378
59 2379
1166 2380
739 2381
91 2382
458 2383
2112 2384
1557 2385
144 2386
825 2387
925 2388
212 2389
1727 2390
502 2391
81 2392
767 2393
1040 2394
1367 2395
2095 2396
2342 2397
818 2398
820 2399
639 2400
2050 2401
1052 2402
1045 2403
537 2404
1215 2405
947 2406
856 2407
140 2408
500 2409
2087 2410
1484 2411
1356 2412
2370 2413
837 2414
570 2415
806 2416
1619 2417
1302 2418
660 2419
1333 2420
874 2421
1937 2422
1035 2423
2402 2424
258 2425
729 2426
819 2427
880 2428
2132 2429
1534 2430
1987 2431
1293 2432
2053 2433
980 2434
1304 2435
2035 2436
1643 2437
2064 2438
1120 2439
1081 2440
687 2441
2273 2442
1082 2443
1863 2444
907 2445
1264 2446
505 2447
426 2448
2271 2449
53 2450
2153 2451
488 2452
1005 2453
168 2454
2196 2455
1306 2456
2302 2457
856 2458
2299 2459
358 2460
1494 2461
1446 2462
2247 2463
1808 2464
1637 2465
2221 2466
806 2467
307 2468
1178 2469
1096 2470
1789 2471
1111 2472
1253 2473
2047 2474
2316 2475
1787 2476
273 2477
1717 2478
55 2479
2295 2480
262 2481
1029 2482
2210 2483
1498 2484
40 2485
2470 2486
2278 2487
934 2488
1120 2489
925 2490
1128 2491
1822 2492
2438 2493
992 2494
1573 2495
1744 2496
170 2497
895 2498
2289 2499
1010 2500
1489 2501
1394 2502
565 2503
1497 2504
1485 2505
2487 2506
1928 2507
2176 2508
1720 2509
1288 2510
1594 2511
212 2512
1950 2513
1380 2514
632 2515
241 2516
448 2517
1216 2518
741 2519
1337 2520
1296 2521
710 2522
505 2523
877 2524
592 2525
13 2526
1628 2527
2043 2528
1379 2529
1701 2530
1639 2531
2407 2532
50 2533
2113 2534
466 2535
909 2536
1658 2537
1899 2538
2116 2539
299 2540
1412 2541
690 2542
1417 2543
2273 2544
352 2545
810 2546
1765 2547
930 2548
305 2549
633 2550
2533 2551
1596 2552
1228 2553
391 2554
2093 2555
43 2556
1117 2557
1941 2558
1374 2559
848 2560
2506 2561
1872 2562
1911 2563
2441 2564
1376 2565
345 2566
346 2567
2158 2568
346 2569
229 2570
1224 2571
1647 2572
246 2573
1871 2574
2058 2575
2072 2576
682 2577
481 2578
2395 2579
1422 2580
2036 2581
1498 2582
1668 2583
1706 2584
2207 2585
1424 2586
1892 2587
1150 2588
1469 2589
2099 2590
2104 2591
1918 2592
1337 2593
2133 2594
577 2595
219 2596
644 2597
2471 2598
449 2599
1364 2600
2405 2601
2354 2602
1741 2603
726 2604
1707 2605
1246 2606
267 2607
1560 2608
1061 2609
508 2610
1927 2611
1815 2612
1317 2613
1709 2614
1131 2615
510 2616
1723 2617
1709 2618
455 2619
1274 2620
2422 2621
2360 2622
1595 2623
2289 2624
2445 2625
976 2626
408 2627
1897 2628
1565 2629
272 2630
1725 2631
375 2632
1780 2633
1331 2634
360 2635
2010 2636
225 2637
804 2638
877 2639
101 2640
1801 2641
619 2642
2350 2643
1062 2644
1357 2645
2249 2646
1983 2647
2522 2648
1374 2649
855 2650
938 2651
791 2652
1164 2653
426 2654
1339 2655
434 2656
311 2657
1211 2658
1589 2659
554 2660
1078 2661
522 2662
1856 2663
48 2664
2659 2665
1473 2666
2586 2667
2014 2668
39 2669
2362 2670
1731 2671
1434 2672
2228 2673
912 2674
1893 2675
263 2676
371 2677
2572 2678
578 2679
1800 2680
842 2681
2250 2682
732 2683
998 2684
972 2685
2071 2686
2573 2687
2186 2688
1936 2689
1268 2690
122 2691
897 2692
2488 2693
891 2694
461 2695
694 2696
2563 2697
2664 2698
410 2699
346 2700
297 2701
1646 2702
296 2703
1164 2704
2263 2705
2614 2706
1783 2707
1802 2708
1611 2709
1565 2710
679 2711
597 2712
977 2713
535 2714
1850 2715
177 2716
627 2717
2368 2718
2420 2719
2447 2720
277 2721
1509 2722
1386 2723
1017 2724
3 2725
1346 2726
1409 2727
2026 2728
737 2729
131 2730
1236 2731
122 2732
2301 2733
658 2734
789 2735
2377 2736
1387 2737
681 2738
2294 2739
2533 2740
677 2741
2630 2742
1494 2743
1905 2744
1572 2745
2183 2746
913 2747
1542 2748
1085 2749
1465 2750
645 2751
2633 2752
2422 2753
1816 2754
2668 2755
1068 2756
2434 2757
1834 2758
35 2759
1073 2760
475 2761
2042 2762
435 2763
1262 2764
220 2765
999 2766
2447 2767
105 2768
1854 2769
2728 2770
2687 2771
945 2772
2299 2773
2465 2774
1907 2775
1037 2776
601 2777
1146 2778
1168 2779
167 2780
842 2781
2064 2782
144 2783
2684 2784
2061 2785
1191 2786
2568 2787
1546 2788
886 2789
1873 2790
2667 2791
1519 2792
154 2793
596 2794
2476 2795
164 2796
1368 2797
941 2798
1229 2799
1611 2800
2624 2801
1004 2802
407 2803
2505 2804
989 2805
2538 2806
442 2807
1875 2808
1578 2809
2709 2810
1334 2811
765 2812
2471 2813
1247 2814
2350 2815
1729 2816
1489 2817
1428 2818
1882 2819
2554 2820
86 2821
2199 2822
199 2823
499 2824
1391 2825
2255 2826
111 2827
1074 2828
367 2829
2692 2830
811 2831
496 2832
1400 2833
68 2834
1436 2835
1785 2836
893 2837
2578 2838
2202 2839
176 2840
1142 2841
353 2842
1293 2843
1224 2844
2807 2845
280 2846
195 2847
1813 2848
2710 2849
2656 2850
241 2851
2274 2852
2585 2853
1801 2854
1414 2855
1990 2856
193 2857
886 2858
2802 2859
2339 2860
2634 2861
1168 2862
2356 2863
469 2864
256 2865
245 2866
1390 2867
2811 2868
285 2869
1816 2870
2722 2871
1599 2872
1804 2873
1886 2874
1013 2875
2066 2876
112 2877
237 2878
1071 2879
2819 2880
878 2881
2267 2882
655 2883
1342 2884
226 2885
1601 2886
806 2887
2536 2888
928 2889
2659 2890
1413 2891
2678 2892
856 2893
124 2894
1408 2895
358 2896
2715 2897
859 2898
944 2899
370 2900
1140 2901
2393 2902
2455 2903
2370 2904
122 2905
177 2906
2409 2907
2153 2908
343 2909
2089 2910
2127 2911
1958 2912
2136 2913
1809 2914
228 2915
94 2916
2437 2917
2447 2918
586 2919
533 2920
1752 2921
1227 2922
1021 2923
191 2924
311 2925
1572 2926
986 2927
234 2928
112 2929
1136 2930
1283 2931
2646 2932
743 2933
514 2934
2283 2935
1209 2936
2735 2937
1414 2938
2832 2939
2748 2940
1779 2941
350 2942
1890 2943
41 2944
716 2945
2796 2946
1839 2947
2190 2948
2186 2949
1993 2950
863 2951
630 2952
1716 2953
2528 2954
1322 2955
1527 2956
2445 2957
176 2958
1019 2959
2542 2960
2044 2961
1116 2962
970 2963
755 2964
1672 2965
725 2966
394 2967
526 2968
1907 2969
134 2970
1689 2971
2824 2972
2892 2973
846 2974
2510 2975
2887 2976
1854 2977
1674 2978
2092 2979
628 2980
2020 2981
355 2982
1698 2983
2721 2984
2084 2985
808 2986
297 2987
891 2988
1476 2989
551 2990
919 2991
1777 2992
907 2993
1586 2994
1117 2995
1564 2996
2677 2997
464 2998
426 2999
1551 3000
2424 3001
2554 3002
853 3003
2364 3004
1964 3005
1015 3006
1192 3007
2693 3008
1598 3009
549 3010
1242 3011
900 3012
1146 3013
2767 3014
556 3015
580 3016
1135 3017
382 3018
2461 3019
2424 3020
109 3021
1714 3022
755 3023
985 3024
1447 3025
1646 3026
1557 3027
1101 3028
739 3029
391 3030
1456 3031
350 3032
2854 3033
602 3034
1541 3035
2315 3036
2535 3037
2347 3038
2167 3039
1735 3040
2056 3041
1242 3042
2399 3043
856 3044
2970 3045
672 3046
2035 3047
195 3048
59 3049
698 3050
458 3051
530 3052
3025 3053
2761 3054
2557 3055
1291 3056
2698 3057
718 3058
1550 3059
2992 3060
252 3061
325 3062
1249 3063
2725 3064
1364 3065
479 3066
1686 3067
213 3068
1226 3069
983 3070
2822 3071
1324 3072
225 3073
2164 3074
2160 3075
621 3076
3058 3077
1036 3078
447 3079
2195 3080
2642 3081
2329 3082
2883 3083
2935 3084
2575 3085
2271 3086
870 3087
2402 3088
2713 3089
1323 3090
1932 3091
2262 3092
2075 3093
1934 3094
1772 3095
2288 3096
2536 3097
1906 3098
653 3099
662 3100
1477 3101
2783 3102
3038 3103
2976 3104
2543 3105
534 3106
2084 3107
2611 3108
2342 3109
2057 3110
1450 3111
1911 3112
1336 3113
1133 3114
2954 3115
1585 3116
3005 3117
2772 3118
1815 3119
462 3120
2637 3121
988 3122
2903 3123
695 3124
939 3125
573 3126
2223 3127
893 3128
1003 3129
1619 3130
2530 3131
2857 3132
1072 3133
2788 3134
2227 3135
1578 3136
2886 3137
1230 3138
1442 3139
1391 3140
2779 3141
1170 3142
743 3143
848 3144
2713 3145
674 3146
1364 3147
1631 3148
1064 3149
508 3150
1857 3151
2853 3152
2908 3153
1533 3154
1029 3155
101 3156
672 3157
1516 3158
1416 3159
1429 3160
2435 3161
1705 3162
1418 3163
1786 3164
910 3165
461 3166
2174 3167
971 3168
444 3169
1021 3170
1727 3171
2039 3172
2607 3173
639 3174
1744 3175
2519 3176
2571 3177
215 3178
2782 3179
1827 3180
2288 3181
2284 3182
1185 3183
1447 3184
1898 3185
925 3186
74 3187
1679 3188
29 3189
1455 3190
2978 3191
788 3192
2804 3193
2561 3194
503 3195
3097 3196
2300 3197
1678 3198
2766 3199
1908 3200
3011 3201
814 3202
2502 3203
2918 3204
618 3205
2173 3206
2266 3207
2004 3208
2048 3209
2625 3210
2755 3211
1062 3212
795 3213
1903 3214
3075 3215
859 3216
1453 3217
1717 3218
675 3219
1976 3220
999 3221
2343 3222
1853 3223
691 3224
578 3225
189 3226
1788 3227
1897 3228
1194 3229
881 3230
1259 3231
2285 3232
255 3233
2864 3234
1478 3235
2370 3236
386 3237
168 3238
1944 3239
508 3240
3211 3241
833 3242
184 3243
579 3244
945 3245
2899 3246
1412 3247
43 3248
327 3249
246 3250
1850 3251
2266 3252
1596 3253
1860 3254
1208 3255
324 3256
1447 3257
1911 3258
2224 3259
810 3260
1304 3261
1160 3262
420 3263
2336 3264
1902 3265
1704 3266
2198 3267
807 3268
2631 3269
1145 3270
1354 3271
2992 3272
2431 3273
1867 3274
1102 3275
1106 3276
1869 3277
2415 3278
2106 3279
761 3280
2310 3281
1373 3282
1898 3283
1477 3284
1334 3285
1542 3286
2595 3287
2340 3288
1154 3289
3061 3290
1350 3291
853 3292
1235 3293
918 3294
3091 3295
3294 3296
2 3297
929 3298
909 3299
760 3300
2086 3301
3138 3302
1116 3303
2819 3304
922 3305
2647 3306
329 3307
1460 3308
2059 3309
2495 3310
1019 3311
2770 3312
1056 3313
391 3314
725 3315
1994 3316
1802 3317
634 3318
1763 3319
847 3320
1920 3321
1755 3322
319 3323
1887 3324
1350 3325
591 3326
2505 3327
762 3328
2155 3329
361 3330
1875 3331
2923 3332
162 3333
1973 3334
2410 3335
2981 3336
2424 3337
1622 3338
2412 3339
2782 3340
194 3341
2980 3342
3298 3343
2723 3344
2896 3345
2821 3346
543 3347
334 3348
1976 3349
1953 3350
2272 3351
1513 3352
961 3353
1185 3354
786 3355
840 3356
172 3357
1239 3358
250 3359
2448 3360
1319 3361
1761 3362
1783 3363
1334 3364
590 3365
353 3366
2341 3367
2783 3368
1542 3369
371 3370
1951 3371
2856 3372
2237 3373
1769 3374
2390 3375
2221 3376
2109 3377
875 3378
3068 3379
36 3380
3149 3381
1163 3382
304 3383
54 3384
2232 3385
649 3386
2346 3387
1490 3388
780 3389
3143 3390
2930 3391
3380 3392
384 3393
1477 3394
2566 3395
1236 3396
2034 3397
2489 3398
2641 3399
1558 3400
779 3401
3177 3402
729 3403
1697 3404
2403 3405
772 3406
1629 3407
3209 3408
2720 3409
1996 3410
1829 3411
1542 3412
661 3413
274 3414
2789 3415
1416 3416
2001 3417
2309 3418
3196 3419
787 3420
2636 3421
2541 3422
34 3423
198 3424
1976 3425
3363 3426
1980 3427
3417 3428
2058 3429
1931 3430
2792 3431
2981 3432
1681 3433
1 3434
3384 3435
2478 3436
602 3437
2282 3438
455 3439
3 3440
3007 3441
867 3442
1458 3443
296 3444
3385 3445
756 3446
91 3447
2047 3448
3090 3449
1128 3450
2020 3451
743 3452
2382 3453
1002 3454
3234 3455
3204 3456
2457 3457
1388 3458
1372 3459
1928 3460
1661 3461
786 3462
287 3463
86 3464
1238 3465
1998 3466
3172 3467
3221 3468
2351 3469
1651 3470
1423 3471
168 3472
364 3473
1146 3474
714 3475
696 3476
1030 3477
1501 3478
2721 3479
1043 3480
2297 3481
860 3482
2421 3483
1092 3484
1373 3485
2828 3486
2101 3487
1819 3488
2473 3489
2341 3490
2067 3491
1242 3492
2412 3493
2248 3494
195 3495
2126 3496
317 3497
3268 3498
47 3499
3111 3500
1978 3501
702 3502
66 3503
2757 3504
2325 3505
3223 3506
284 3507
3187 3508
3094 3509
1661 3510
3377 3511
726 3512
2546 3513
2707 3514
1950 3515
3359 3516
2331 3517
2449 3518
2157 3519
2017 3520
57 3521
3255 3522
963 3523
2167 3524
1719 3525
656 3526
149 3527
1184 3528
190 3529
3176 3530
3074 3531
527 3532
3134 3533
1046 3534
2310 3535
3447 3536
1968 3537
187 3538
2123 3539
3418 3540
2113 3541
2842 3542
1385 3543
2695 3544
1418 3545
759 3546
3536 3547
843 3548
216 3549
693 3550
1056 3551
829 3552
857 3553
2597 3554
3190 3555
1488 3556
193 3557
3453 3558
1941 3559
1485 3560
1421 3561
65 3562
1048 3563
1112 3564
1928 3565
580 3566
1779 3567
1100 3568
1245 3569
2339 3570
1336 3571
2554 3572
113 3573
1633 3574
1145 3575
2918 3576
2528 3577
1313 3578
2680 3579
1468 3580
3537 3581
3489 3582
659 3583
1001 3584
2146 3585
1506 3586
1087 3587
3355 3588
2043 3589
3085 3590
90 3591
737 3592
2500 3593
2973 3594
2397 3595
2975 3596
416 3597
1819 3598
2371 3599
2263 3600
2082 3601
341 3602
1276 3603
405 3604
3183 3605
428 3606
1871 3607
51 3608
667 3609
3233 3610
109 3611
700 3612
3400 3613
1111 3614
3187 3615
1375 3616
2926 3617
412 3618
701 3619
3310 3620
261 3621
2812 3622
2731 3623
2077 3624
2781 3625
1338 3626
457 3627
676 3628
3142 3629
3268 3630
3379 3631
3298 3632
641 3633
1627 3634
2581 3635
1135 3636
3211 3637
105 3638
600 3639
2578 3640
1875 3641
3489 3642
1011 3643
2039 3644
787 3645
739 3646
1231 3647
2861 3648
1824 3649
760 3650
2359 3651
3216 3652
3366 3653
2546 3654
3167 3655
487 3656
1029 3657
1287 3658
1345 3659
81 3660
2156 3661
3211 3662
3641 3663
1960 3664
1804 3665
2472 3666
3091 3667
1407 3668
3367 3669
1495 3670
3386 3671
3205 3672
3077 3673
3129 3674
1135 3675
2670 3676
2251 3677
1610 3678
2330 3679
846 3680
1956 3681
3062 3682
2907 3683
2568 3684
3349 3685
2416 3686
2950 3687
3583 3688
1612 3689
1410 3690
2443 3691
2422 3692
3430 3693
466 3694
3081 3695
450 3696
869 3697
684 3698
1882 3699
1605 3700
1391 3701
3171 3702
195 3703
1044 3704
655 3705
1090 3706
2473 3707
2435 3708
339 3709
2265 3710
203 3711
1745 3712
3604 3713
2543 3714
2115 3715
1206 3716
3690 3717
3532 3718
2875 3719
2223 3720
2968 3721
369 3722
1935 3723
1332 3724
2548 3725
1147 3726
2957 3727
353 3728
2401 3729
173 3730
203 3731
1 3732
737 3733
1011 3734
3108 3735
2105 3736
2026 3737
2357 3738
3177 3739
75 3740
3018 3741
2236 3742
3242 3743
1557 3744
1119 3745
2444 3746
2274 3747
385 3748
1497 3749
2918 3750
502 3751
672 3752
107 3753
3271 3754
1011 3755
3001 3756
3519 3757
255 3758
3037 3759
1028 3760
144 3761
1312 3762
3327 3763
1760 3764
2950 3765
2696 3766
1734 3767
2086 3768
2272 3769
3695 3770
1126 3771
1884 3772
741 3773
3509 3774
3622 3775
3 3776
1882 3777
2027 3778
1161 3779
1060 3780
3010 3781
1189 3782
1324 3783
2138 3784
823 3785
581 3786
2512 3787
1269 3788
2868 3789
3584 3790
1619 3791
597 3792
115 3793
1965 3794
1816 3795
1036 3796
1496 3797
2085 3798
2052 3799
3303 3800
1108 3801
687 3802
2513 3803
1824 3804
3069 3805
3603 3806
3410 3807
1449 3808
1485 3809
101 3810
1082 3811
3303 3812
1553 3813
1336 3814
2916 3815
918 3816
3583 3817
1752 3818
63 3819
2472 3820
187 3821
1074 3822
1959 3823
3455 3824
2053 3825
2213 3826
2982 3827
2023 3828
3717 3829
1304 3830
2872 3831
2099 3832
1290 3833
3411 3834
2606 3835
300 3836
1040 3837
1991 3838
2087 3839
3268 3840
2275 3841
1255 3842
3589 3843
3389 3844
486 3845
1344 3846
822 3847
739 3848
212 3849
2480 3850
2256 3851
3023 3852
1748 3853
1407 3854
1107 3855
3715 3856
1623 3857
1703 3858
405 3859
2032 3860
1371 3861
3614 3862
1040 3863
2211 3864
1908 3865
3599 3866
1104 3867
2061 3868
438 3869
1045 3870
2307 3871
2759 3872
1528 3873
409 3874
1694 3875
2862 3876
2899 3877
2169 3878
1184 3879
2502 3880
3872 3881
3739 3882
1878 3883
622 3884
1842 3885
712 3886
639 3887
435 3888
599 3889
222 3890
3545 3891
379 3892
1296 3893
3804 3894
2206 3895
1880 3896
177 3897
1571 3898
2927 3899
1678 3900
2718 3901
167 3902
2003 3903
3368 3904
1519 3905
1883 3906
2056 3907
3013 3908
2863 3909
2155 3910
1162 3911
797 3912
3138 3913
2917 3914
3362 3915
2421 3916
605 3917
2375 3918
722 3919
3354 3920
2412 3921
783 3922
2114 3923
2281 3924
1641 3925
1129 3926
3584 3927
1188 3928
921 3929
2792 3930
2983 3931
2537 3932
1352 3933
3121 3934
1051 3935
3441 3936
2438 3937
3368 3938
574 3939
1247 3940
2158 3941
3668 3942
30 3943
1035 3944
2668 3945
3796 3946
1811 3947
3437 3948
2384 3949
1847 3950
1000 3951
1140 3952
3470 3953
1632 3954
678 3955
3828 3956
2699 3957
2507 3958
2667 3959
1937 3960
3447 3961
3907 3962
2746 3963
1414 3964
2751 3965
3742 3966
3683 3967
3821 3968
1841 3969
2119 3970
3943 3971
1457 3972
395 3973
3153 3974
3033 3975
1980 3976
1740 3977
3447 3978
788 3979
3699 3980
3150 3981
521 3982
512 3983
2017 3984
973 3985
2495 3986
450 3987
3409 3988
2290 3989
527 3990
67 3991
1641 3992
1910 3993
2690 3994
1476 3995
486 3996
3895 3997
3433 3998
3510 3999
3851 4000
1979 4001
1454 4002
2857 4003
74 4004
236 4005
47 4006
3716 4007
2828 4008
3534 4009
69 4010
3438 4011
1747 4012
1141 4013
166 4014
3911 4015
3157 4016
3787 4017
2101 4018
3574 4019
294 4020
957 4021
651 4022
2630 4023
1846 4024
1276 4025
1473 4026
2548 4027
1446 4028
2871 4029
3050 4030
2511 4031
807 4032
2112 4033
3989 4034
1152 4035
1967 4036
276 4037
3121 4038
68 4039
2867 4040
1794 4041
455 4042
532 4043
3830 4044
4006 4045
1406 4046
3677 4047
2959 4048
765 4049
1283 4050
3339 4051
2768 4052
1890 4053
1593 4054
3783 4055
2890 4056
2831 4057
543 4058
482 4059
3254 4060
913 4061
266 4062
1835 4063
1992 4064
703 4065
1465 4066
343 4067
1010 4068
1261 4069
1284 4070
1272 4071
1031 4072
1675 4073
740 4074
2903 4075
294 4076
1974 4077
3452 4078
272 4079
2560 4080
2901 4081
2425 4082
3920 4083
1782 4084
2952 4085
3478 4086
2771 4087
1413 4088
2513 4089
2060 4090
93 4091
3754 4092
1410 4093
2752 4094
3865 4095
1109 4096
1213 4097
933 4098
2190 4099
1553 4100
373 4101
1695 4102
2081 4103
3925 4104
3397 4105
2549 4106
1942 4107
1774 4108
3874 4109
3096 4110
3477 4111
2993 4112
1989 4113
3848 4114
22 4115
638 4116
858 4117
1978 4118
212 4119
1859 4120
2327 4121
3198 4122
203 4123
962 4124
2344 4125
3656 4126
3344 4127
1886 4128
190 4129
3932 4130
1582 4131
3311 4132
4122 4133
3757 4134
3745 4135
1562 4136
732 4137
1776 4138
489 4139
1830 4140
2834 4141
2597 4142
1917 4143
806 4144
2034 4145
3348 4146
1326 4147
57 4148
928 4149
1934 4150
2257 4151
653 4152
3704 4153
3695 4154
2114 4155
424 4156
715 4157
1057 4158
2381 4159
1882 4160
2303 4161
3205 4162
2199 4163
520 4164
31 4165
3786 4166
2773 4167
3203 4168
2611 4169
31 4170
1003 4171
3909 4172
1150 4173
3492 4174
3252 4175
3918 4176
983 4177
2734 4178
2777 4179
802 4180
1646 4181
3183 4182
3951 4183
788 4184
2286 4185
3710 4186
2118 4187
3644 4188
1186 4189
1006 4190
1493 4191
1058 4192
2120 4193
48 4194
2291 4195
787 4196
334 4197
2827 4198
1217 4199
3256 4200
385 4201
4045 4202
666 4203
1147 4204
2952 4205
275 4206
1895 4207
3789 4208
1058 4209
683 4210
1428 4211
1735 4212
2383 4213
3000 4214
3523 4215
1331 4216
1084 4217
290 4218
582 4219
1196 4220
2442 4221
3908 4222
537 4223
1240 4224
399 4225
872 4226
3741 4227
918 4228
1010 4229
884 4230
1901 4231
734 4232
4221 4233
1084 4234
3625 4235
3767 4236
1016 4237
802 4238
3510 4239
1639 4240
827 4241
3260 4242
3842 4243
2653 4244
2663 4245
539 4246
3747 4247
2074 4248
3198 4249
2464 4250
2674 4251
1534 4252
1458 4253
3702 4254
2992 4255
3884 4256
1991 4257
1872 4258
3335 4259
1320 4260
3547 4261
3913 4262
3872 4263
2006 4264
1463 4265
2201 4266
1532 4267
4069 4268
2724 4269
1858 4270
296 4271
1227 4272
1809 4273
845 4274
3723 4275
3607 4276
2514 4277
142 4278
168 4279
220 4280
3017 4281
2716 4282
2848 4283
1580 4284
2779 4285
3788 4286
2025 4287
1721 4288
1287 4289
439 4290
3624 4291
56 4292
3560 4293
3222 4294
3739 4295
243 4296
598 4297
3716 4298
4128 4299
1159 4300
3888 4301
1295 4302
4297 4303
2083 4304
2064 4305
1269 4306
875 4307
459 4308
3341 4309
228 4310
312 4311
1057 4312
958 4313
3133 4314
2495 4315
356 4316
3798 4317
628 4318
2374 4319
2556 4320
2775 4321
409 4322
2008 4323
1181 4324
1236 4325
2765 4326
3611 4327
1174 4328
3060 4329
1872 4330
1800 4331
2807 4332
2618 4333
2090 4334
3450 4335
1727 4336
3351 4337
1323 4338
2748 4339
2318 4340
1978 4341
1174 4342
520 4343
1285 4344
2777 4345
2593 4346
3592 4347
425 4348
3818 4349
1474 4350
3470 4351
2360 4352
3607 4353
3398 4354
683 4355
360 4356
3295 4357
2478 4358
2733 4359
2116 4360
3035 4361
1659 4362
2550 4363
3836 4364
2647 4365
477 4366
4265 4367
2980 4368
3903 4369
718 4370
2921 4371
395 4372
1311 4373
3067 4374
3029 4375
640 4376
2401 4377
576 4378
4132 4379
779 4380
2044 4381
513 4382
3457 4383
409 4384
1370 4385
496 4386
1797 4387
1138 4388
2951 4389
2589 4390
3506 4391
2522 4392
816 4393
630 4394
4065 4395
3214 4396
3687 4397
3822 4398
1211 4399
541 4400
843 4401
2275 4402
91 4403
3933 4404
1296 4405
3060 4406
2271 4407
3940 4408
2254 4409
646 4410
2990 4411
3059 4412
2646 4413
163 4414
899 4415
4407 4416
568 4417
963 4418
1615 4419
2117 4420
1884 4421
1620 4422
4022 4423
117 4424
3788 4425
4196 4426
3 4427
778 4428
2516 4429
1220 4430
1072 4431
1606 4432
3794 4433
3835 4434
3744 4435
947 4436
2972 4437
3143 4438
1530 4439
236 4440
327 4441
2520 4442
876 4443
1847 4444
3435 4445
2028 4446
3428 4447
2634 4448
623 4449
390 4450
1272 4451
2850 4452
3942 4453
1825 4454
4275 4455
570 4456
2268 4457
268 4458
532 4459
879 4460
2251 4461
3801 4462
2217 4463
2045 4464
2735 4465
3165 4466
3531 4467
1224 4468
2507 4469
1991 4470
2013 4471
2349 4472
473 4473
210 4474
716 4475
76 4476
2401 4477
3053 4478
1392 4479
2240 4480
4194 4481
641 4482
4263 4483
2889 4484
734 4485
1812 4486
1720 4487
1896 4488
2966 4489
4400 4490
3452 4491
1031 4492
3214 4493
1866 4494
2762 4495
4328 4496
1249 4497
394 4498
2333 4499
1021 4500
532 4501
1830 4502
1638 4503
274 4504
977 4505
2740 4506
1651 4507
2559 4508
4348 4509
3730 4510
2642 4511
1395 4512
1860 4513
1102 4514
1955 4515
2032 4516
1250 4517
1728 4518
3559 4519
4195 4520
821 4521
1514 4522
1010 4523
2431 4524
2942 4525
1112 4526
1054 4527
3698 4528
829 4529
598 4530
388 4531
130 4532
4039 4533
4466 4534
4531 4535
951 4536
607 4537
2356 4538
1511 4539
4178 4540
456 4541
1541 4542
709 4543
1743 4544
4380 4545
3587 4546
4198 4547
2375 4548
4474 4549
2673 4550
1294 4551
2728 4552
3609 4553
2551 4554
81 4555
1323 4556
3028 4557
3178 4558
88 4559
3207 4560
3254 4561
2491 4562
1815 4563
1959 4564
3814 4565
1349 4566
4501 4567
1614 4568
519 4569
2843 4570
2529 4571
3553 4572
2119 4573
1225 4574
3846 4575
3437 4576
500 4577
2962 4578
707 4579
2228 4580
436 4581
973 4582
3077 4583
2357 4584
2913 4585
1581 4586
837 4587
4166 4588
2538 4589
2970 4590
402 4591
1799 4592
2457 4593
482 4594
4265 4595
2058 4596
252 4597
4505 4598
1015 4599
1981 4600
39 4601
1903 4602
1847 4603
2759 4604
3103 4605
2555 4606
2940 4607
2830 4608
2383 4609
3321 4610
615 4611
19 4612
4182 4613
2901 4614
3899 4615
225 4616
4325 4617
681 4618
2142 4619
1245 4620
4173 4621
1120 4622
727 4623
1059 4624
1237 4625
432 4626
4241 4627
4601 4628
4625 4629
3099 4630
2946 4631
3973 4632
1167 4633
3511 4634
2446 4635
2457 4636
3324 4637
3817 4638
662 4639
4361 4640
3195 4641
3275 4642
1732 4643
1778 4644
4215 4645
1360 4646
3341 4647
1264 4648
3305 4649
3285 4650
2232 4651
1813 4652
4179 4653
42 4654
2830 4655
1298 4656
3694 4657
3425 4658
2636 4659
213 4660
2902 4661
2075 4662
640 4663
1084 4664
1725 4665
3833 4666
2252 4667
454 4668
1865 4669
2240 4670
4247 4671
1224 4672
3665 4673
1735 4674
3707 4675
3290 4676
1923 4677
1229 4678
405 4679
3732 4680
491 4681
4353 4682
3144 4683
2589 4684
1919 4685
1465 4686
879 4687
3721 4688
42 4689
333 4690
1194 4691
2987 4692
4152 4693
2534 4694
857 4695
1525 4696
276 4697
1169 4698
244 4699
1145 4700
2815 4701
1279 4702
1601 4703
2965 4704
4433 4705
287 4706
3943 4707
2262 4708
2467 4709
353 4710
2571 4711
2714 4712
4711 4713
1958 4714
1339 4715
2303 4716
3022 4717
1430 4718
783 4719
3516 4720
1811 4721
1523 4722
2255 4723
2402 4724
2876 4725
3771 4726
3444 4727
2961 4728
3719 4729
2159 4730
1494 4731
854 4732
3860 4733
922 4734
1845 4735
3804 4736
3340 4737
4508 4738
4633 4739
1123 4740
3998 4741
1334 4742
2256 4743
1057 4744
2768 4745
4580 4746
1841 4747
3021 4748
3968 4749
247 4750
725 4751
3028 4752
667 4753
579 4754
4196 4755
506 4756
1020 4757
4332 4758
2525 4759
304 4760
3172 4761
4214 4762
4260 4763
558 4764
741 4765
1900 4766
693 4767
1213 4768
1085 4769
3009 4770
3274 4771
3999 4772
3782 4773
2332 4774
1199 4775
1541 4776
634 4777
4095 4778
2275 4779
2340 4780
1187 4781
183 4782
1852 4783
3188 4784
1520 4785
1813 4786
4670 4787
4312 4788
2197 4789
2195 4790
1585 4791
3549 4792
987 4793
4122 4794
3248 4795
2822 4796
900 4797
4698 4798
1734 4799
2467 4800
2879 4801
3474 4802
2362 4803
687 4804
2723 4805
3110 4806
114 4807
2906 4808
3154 4809
376 4810
4557 4811
858 4812
2216 4813
1698 4814
2029 4815
2878 4816
2528 4817
4520 4818
3498 4819
3234 4820
628 4821
3996 4822
4292 4823
764 4824
1662 4825
4142 4826
2369 4827
1856 4828
3841 4829
4574 4830
1783 4831
3052 4832
910 4833
1388 4834
3637 4835
2271 4836
1539 4837
1827 4838
4081 4839
2378 4840
4642 4841
2919 4842
1847 4843
2480 4844
2641 4845
4218 4846
3853 4847
3223 4848
2080 4849
1250 4850
4784 4851
3315 4852
4474 4853
963 4854
4522 4855
3370 4856
641 4857
3621 4858
4236 4859
1487 4860
1819 4861
1642 4862
4695 4863
3371 4864
2593 4865
3646 4866
2828 4867
1341 4868
983 4869
45 4870
3598 4871
2781 4872
4797 4873
660 4874
1973 4875
9 4876
3875 4877
1708 4878
2389 4879
3660 4880
313 4881
2054 4882
1995 4883
441 4884
3283 4885
3056 4886
3215 4887
1925 4888
3334 4889
817 4890
1483 4891
2285 4892
4607 4893
445 4894
695 4895
626 4896
3836 4897
4072 4898
1752 4899
1835 4900
2200 4901
3410 4902
264 4903
669 4904
2537 4905
4506 4906
4298 4907
1932 4908
1984 4909
1623 4910
829 4911
51 4912
2180 4913
1887 4914
1569 4915
2656 4916
2691 4917
2596 4918
4592 4919
2209 4920
2366 4921
4111 4922
1243 4923
3532 4924
3352 4925
3181 4926
3445 4927
2590 4928
4104 4929
3913 4930
2082 4931
3092 4932
1598 4933
1088 4934
2432 4935
436 4936
1749 4937
2596 4938
3168 4939
2185 4940
3672 4941
3630 4942
2636 4943
3515 4944
708 4945
1390 4946
3337 4947
3665 4948
3471 4949
2859 4950
2182 4951
3975 4952
4167 4953
52 4954
3876 4955
1425 4956
1624 4957
3434 4958
3418 4959
3365 4960
1614 4961
1877 4962
817 4963
1007 4964
1250 4965
344 4966
4636 4967
1810 4968
3236 4969
2513 4970
4736 4971
4648 4972
2272 4973
1992 4974
4961 4975
3097 4976
552 4977
3040 4978
699 4979
98 4980
95 4981
3986 4982
3441 4983
2363 4984
1155 4985
3353 4986
3604 4987
3207 4988
2135 4989
3758 4990
663 4991
291 4992
3578 4993
2006 4994
4266 4995
779 4996
1288 4997
4098 4998
2221 4999
2875 5000
569 5001
3769 5002
3848 5003
4497 5004
2597 5005
866 5006
1812 5007
608 5008
4055 5009
3021 5010
4159 5011
4324 5012
1432 5013
4064 5014
397 5015
4128 5016
3060 5017
2746 5018
2697 5019
108 5020
565 5021
3362 5022
3537 5023
1527 5024
968 5025
3384 5026
4338 5027
4273 5028
4723 5029
311 5030
3202 5031
3811 5032
593 5033
3781 5034
1263 5035
3143 5036
1484 5037
1002 5038
3689 5039
2662 5040
4176 5041
240 5042
2836 5043
2557 5044
4126 5045
2970 5046
737 5047
2041 5048
4769 5049
4885 5050
3674 5051
3369 5052
3565 5053
4710 5054
1873 5055
2593 5056
4146 5057
4103 5058
156 5059
3814 5060
3200 5061
1123 5062
490 5063
3558 5064
191 5065
1129 5066
1160 5067
1465 5068
4557 5069
2057 5070
781 5071
2353 5072
4154 5073
2441 5074
974 5075
3713 5076
4769 5077
2098 5078
1335 5079
94 5080
1667 5081
2797 5082
4902 5083
2191 5084
3356 5085
3277 5086
1433 5087
2253 5088
2305 5089
2600 5090
3093 5091
1560 5092
4734 5093
148 5094
634 5095
5043 5096
2466 5097
981 5098
4175 5099
2447 5100
2105 5101
2168 5102
4123 5103
1961 5104
2840 5105
1398 5106
2965 5107
4031 5108
1719 5109
1018 5110
3837 5111
1385 5112
2093 5113
1738 5114
2483 5115
4621 5116
116 5117
1389 5118
3800 5119
1807 5120
1156 5121
1774 5122
4343 5123
273 5124
4845 5125
3411 5126
1631 5127
3270 5128
4072 5129
633 5130
2173 5131
4103 5132
3293 5133
5075 5134
4243 5135
1751 5136
1151 5137
4319 5138
2468 5139
60 5140
3859 5141
3011 5142
2571 5143
4810 5144
1627 5145
720 5146
3167 5147
4370 5148
3823 5149
1325 5150
2202 5151
1389 5152
1499 5153
3271 5154
3095 5155
3020 5156
3170 5157
2989 5158
351 5159
4400 5160
4319 5161
562 5162
2845 5163
5145 5164
636 5165
4812 5166
1089 5167
469 5168
5116 5169
1889 5170
1361 5171
1172 5172
1087 5173
644 5174
4644 5175
5040 5176
4308 5177
4692 5178
2401 5179
2649 5180
660 5181
2694 5182
1394 5183
960 5184
2875 5185
2438 5186
2302 5187
2689 5188
2590 5189
742 5190
226 5191
167 5192
2259 5193
2489 5194
1212 5195
549 5196
4978 5197
1882 5198
3703 5199
2 5200
3899 5201
1756 5202
553 5203
3340 5204
4978 5205
4147 5206
2144 5207
2385 5208
4711 5209
1925 5210
67 5211
572 5212
1277 5213
5070 5214
937 5215
124 5216
1734 5217
4621 5218
391 5219
3685 5220
426 5221
3996 5222
3847 5223
3641 5224
1334 5225
2654 5226
1839 5227
3112 5228
3889 5229
2353 5230
3991 5231
2521 5232
4637 5233
3249 5234
2644 5235
3561 5236
4361 5237
826 5238
3024 5239
2672 5240
3696 5241
2919 5242
2647 5243
3286 5244
4552 5245
1450 5246
4070 5247
2525 5248
3899 5249
1115 5250
1813 5251
4049 5252
887 5253
3844 5254
3964 5255
2318 5256
4419 5257
1671 5258
561 5259
5151 5260
4337 5261
1088 5262
3282 5263
2917 5264
5203 5265
2310 5266
4135 5267
2033 5268
712 5269
5014 5270
2084 5271
2124 5272
1181 5273
2398 5274
3311 5275
3273 5276
5226 5277
5181 5278
3546 5279
5012 5280
3033 5281
5130 5282
4183 5283
1275 5284
1377 5285
2620 5286
2866 5287
3349 5288
4861 5289
768 5290
92 5291
2349 5292
3336 5293
3976 5294
4570 5295
2943 5296
1193 5297
5017 5298
98 5299
175 5300
936 5301
2032 5302
180 5303
4432 5304
2580 5305
1633 5306
1351 5307
691 5308
2408 5309
5002 5310
3092 5311
1442 5312
945 5313
3233 5314
4989 5315
5283 5316
797 5317
1814 5318
4220 5319
4872 5320
1542 5321
151 5322
3829 5323
1843 5324
1461 5325
3416 5326
4566 5327
3921 5328
570 5329
1730 5330
3346 5331
472 5332
2867 5333
4627 5334
4551 5335
1829 5336
289 5337
1996 5338
357 5339
2954 5340
1123 5341
427 5342
2755 5343
811 5344
1293 5345
1984 5346
1033 5347
3007 5348
2096 5349
4317 5350
495 5351
4132 5352
182 5353
3606 5354
1365 5355
3434 5356
1674 5357
212 5358
3203 5359
3091 5360
1833 5361
4971 5362
4589 5363
645 5364
4317 5365
3986 5366
3221 5367
2047 5368
1445 5369
4421 5370
1293 5371
2760 5372
5136 5373
1420 5374
4488 5375
1219 5376
1582 5377
4764 5378
4133 5379
4835 5380
618 5381
3435 5382
3039 5383
1254 5384
3877 5385
2837 5386
2829 5387
3429 5388
4726 5389
362 5390
449 5391
3787 5392
4581 5393
3195 5394
3712 5395
1889 5396
4873 5397
534 5398
3051 5399
3922 5400
1657 5401
3667 5402
3549 5403
2487 5404
2347 5405
451 5406
366 5407
3111 5408
4053 5409
2533 5410
3376 5411
4627 5412
3919 5413
4978 5414
1922 5415
2015 5416
456 5417
1630 5418
1111 5419
566 5420
1623 5421
5342 5422
4758 5423
1787 5424
1287 5425
4687 5426
400 5427
1446 5428
3058 5429
489 5430
3309 5431
1604 5432
461 5433
4459 5434
5395 5435
2904 5436
2993 5437
2786 5438
2041 5439
2816 5440
465 5441
1884 5442
3214 5443
3703 5444
2210 5445
863 5446
2411 5447
1179 5448
3922 5449
4785 5450
1886 5451
912 5452
629 5453
981 5454
1348 5455
2460 5456
3450 5457
3781 5458
4668 5459
3723 5460
5433 5461
4814 5462
1625 5463
1439 5464
2922 5465
5277 5466
1348 5467
264 5468
2235 5469
1960 5470
334 5471
4302 5472
1404 5473
3402 5474
1465 5475
3377 5476
3680 5477
4481 5478
3237 5479
2463 5480
3822 5481
1660 5482
3632 5483
3898 5484
2262 5485
1117 5486
3213 5487
2897 5488
2625 5489
1737 5490
3746 5491
3261 5492
1184 5493
3411 5494
788 5495
2922 5496
2566 5497
1734 5498
873 5499
1976 5500
954 5501
5079 5502
3073 5503
4386 5504
3227 5505
4151 5506
4087 5507
3345 5508
3270 5509
4248 5510
1107 5511
413 5512
2358 5513
2476 5514
5229 5515
4943 5516
1090 5517
1544 5518
5517 5519
1697 5520
2120 5521
5079 5522
4017 5523
5150 5524
2249 5525
4504 5526
808 5527
4696 5528
1651 5529
1220 5530
162 5531
2660 5532
3344 5533
5389 5534
2677 5535
2465 5536
4202 5537
830 5538
1479 5539
1167 5540
3879 5541
4654 5542
351 5543
5448 5544
1479 5545
4517 5546
3102 5547
204 5548
378 5549
2108 5550
1006 5551
5304 5552
4964 5553
2683 5554
4616 5555
741 5556
5459 5557
3689 5558
322 5559
4801 5560
4135 5561
3898 5562
639 5563
167 5564
1502 5565
2729 5566
3941 5567
1431 5568
4861 5569
4646 5570
530 5571
781 5572
5557 5573
305 5574
3685 5575
269 5576
3175 5577
1480 5578
4094 5579
4051 5580
2709 5581
1382 5582
201 5583
2187 5584
880 5585
945 5586
5257 5587
5554 5588
2131 5589
1463 5590
5159 5591
1919 5592
2135 5593
3846 5594
3076 5595
3599 5596
349 5597
2929 5598
727 5599
3176 5600
463 5601
5452 5602
2959 5603
4398 5604
1724 5605
1398 5606
2042 5607
5368 5608
775 5609
3003 5610
63 5611
737 5612
4756 5613
4025 5614
191 5615
2028 5616
3253 5617
769 5618
520 5619
4522 5620
2868 5621
4924 5622
1835 5623
3078 5624
2780 5625
3176 5626
1997 5627
4874 5628
1893 5629
928 5630
1316 5631
4941 5632
1297 5633
4932 5634
1538 5635
2006 5636
3114 5637
1895 5638
2687 5639
1074 5640
4071 5641
2652 5642
1502 5643
804 5644
1772 5645
1767 5646
4309 5647
2080 5648
2454 5649
2248 5650
4524 5651
4231 5652
2611 5653
553 5654
1061 5655
2168 5656
5100 5657
3528 5658
2739 5659
4746 5660
2501 5661
3816 5662
3004 5663
730 5664
5505 5665
3954 5666
5091 5667
49 5668
2562 5669
2800 5670
5476 5671
2014 5672
4401 5673
4512 5674
2685 5675
4222 5676
2791 5677
1518 5678
764 5679
2982 5680
319 5681
5673 5682
1261 5683
2483 5684
3485 5685
1076 5686
1865 5687
1737 5688
487 5689
2389 5690
2485 5691
803 5692
2258 5693
1391 5694
2277 5695
843 5696
980 5697
2821 5698
285 5699
5224 5700
3989 5701
2584 5702
3888 5703
3733 5704
5092 5705
476 5706
2786 5707
4058 5708
2663 5709
1844 5710
4313 5711
4864 5712
955 5713
4743 5714
31 5715
2800 5716
689 5717
4291 5718
5326 5719
2592 5720
3029 5721
4315 5722
1154 5723
812 5724
2062 5725
622 5726
709 5727
1035 5728
2112 5729
4118 5730
5131 5731
991 5732
2057 5733
36 5734
5213 5735
1870 5736
269 5737
198 5738
2054 5739
1473 5740
436 5741
2230 5742
3131 5743
2121 5744
3050 5745
1096 5746
887 5747
4300 5748
5015 5749
2919 5750
4633 5751
1140 5752
959 5753
5624 5754
3257 5755
1939 5756
4507 5757
5054 5758
3051 5759
5440 5760
4253 5761
2071 5762
2088 5763
4879 5764
1410 5765
3523 5766
5665 5767
2280 5768
176 5769
3592 5770
1490 5771
1375 5772
63 5773
4096 5774
476 5775
1474 5776
1929 5777
5766 5778
4501 5779
951 5780
3302 5781
916 5782
5054 5783
5407 5784
685 5785
4908 5786
2195 5787
1191 5788
2698 5789
2442 5790
4488 5791
3363 5792
1040 5793
1803 5794
931 5795
1957 5796
5138 5797
4893 5798
4441 5799
2152 5800
1809 5801
5403 5802
5619 5803
643 5804
1017 5805
4635 5806
2528 5807
5202 5808
1755 5809
4491 5810
4347 5811
112 5812
1722 5813
3953 5814
3794 5815
95 5816
1288 5817
540 5818
5756 5819
2490 5820
166 5821
2734 5822
2958 5823
4296 5824
4914 5825
3200 5826
325 5827
2220 5828
909 5829
3591 5830
4727 5831
2571 5832
2655 5833
351 5834
1500 5835
1765 5836
3577 5837
4770 5838
4975 5839
178 5840
4070 5841
2358 5842
3854 5843
4558 5844
5445 5845
235 5846
2235 5847
94 5848
1589 5849
2416 5850
1194 5851
5526 5852
3921 5853
3835 5854
3327 5855
4623 5856
4771 5857
1149 5858
3860 5859
180 5860
3596 5861
111 5862
3016 5863
5334 5864
5597 5865
878 5866
2889 5867
530 5868
4547 5869
525 5870
5480 5871
956 5872
4339 5873
3516 5874
3312 5875
4613 5876
3428 5877
3912 5878
5482 5879
4098 5880
5044 5881
541 5882
3214 5883
3826 5884
4268 5885
110 5886
1843 5887
521 5888
4867 5889
4472 5890
2550 5891
4435 5892
3084 5893
980 5894
4935 5895
5669 5896
844 5897
4575 5898
2978 5899
4903 5900
5324 5901
3547 5902
4066 5903
3987 5904
1359 5905
574 5906
5028 5907
5871 5908
4257 5909
4390 5910
3534 5911
1082 5912
4966 5913
4313 5914
2430 5915
1703 5916
5342 5917
5577 5918
5089 5919
4202 5920
2530 5921
776 5922
1787 5923
1561 5924
2288 5925
4491 5926
3270 5927
2026 5928
2693 5929
500 5930
3597 5931
4907 5932
5655 5933
1722 5934
3742 5935
3683 5936
3004 5937
491 5938
1944 5939
3441 5940
5544 5941
635 5942
4084 5943
2219 5944
2667 5945
3584 5946
2673 5947
522 5948
3143 5949
2925 5950
5224 5951
5784 5952
1014 5953
4811 5954
12 5955
5844 5956
2256 5957
314 5958
5107 5959
1308 5960
2682 5961
5922 5962
5554 5963
3705 5964
1476 5965
2983 5966
1061 5967
4649 5968
611 5969
3035 5970
3577 5971
5902 5972
2532 5973
2115 5974
2901 5975
445 5976
3919 5977
2247 5978
5032 5979
2077 5980
2554 5981
1065 5982
2302 5983
1177 5984
5120 5985
3870 5986
2448 5987
5440 5988
1474 5989
340 5990
2274 5991
5182 5992
1887 5993
2730 5994
3090 5995
5599 5996
3873 5997
4548 5998
5380 5999
4554 6000
5381 6001
1035 6002
2159 6003
6003 6004
2838 6005
4248 6006
297 6007
4792 6008
1889 6009
2909 6010
3324 6011
1340 6012
4485 6013
2 6014
4376 6015
5829 6016
3808 6017
1230 6018
4782 6019
1233 6020
5109 6021
5026 6022
4362 6023
5959 6024
4770 6025
58 6026
2601 6027
2765 6028
3148 6029
957 6030
2047 6031
3203 6032
3258 6033
2098 6034
256 6035
17 6036
1597 6037
419 6038
1331 6039
4838 6040
851 6041
1765 6042
1398 6043
5537 6044
2680 6045
4255 6046
2495 6047
4054 6048
1846 6049
5027 6050
1381 6051
921 6052
79 6053
5970 6054
222 6055
1494 6056
6028 6057
1541 6058
3577 6059
2071 6060
764 6061
292 6062
3411 6063
3562 6064
5551 6065
1439 6066
5824 6067
1880 6068
4108 6069
4088 6070
4325 6071
1561 6072
5023 6073
4793 6074
3462 6075
4729 6076
4301 6077
5518 6078
1542 6079
1546 6080
5959 6081
3586 6082
209 6083
488 6084
5150 6085
3711 6086
2211 6087
3707 6088
2944 6089
5910 6090
3656 6091
2235 6092
4553 6093
4525 6094
2604 6095
1446 6096
4485 6097
5038 6098
3248 6099
4301 6100
1122 6101
3517 6102
603 6103
2794 6104
4423 6105
1273 6106
4910 6107
535 6108
5086 6109
5581 6110
1209 6111
5785 6112
5810 6113
3 6114
1162 6115
2688 6116
1292 6117
5333 6118
1290 6119
1627 6120
5614 6121
1602 6122
4417 6123
374 6124
2238 6125
1720 6126
3093 6127
5250 6128
3365 6129
4490 6130
95 6131
5591 6132
857 6133
2064 6134
5863 6135
2368 6136
89 6137
3698 6138
4302 6139
2935 6140
2542 6141
6058 6142
2767 6143
4670 6144
5713 6145
3702 6146
848 6147
1558 6148
541 6149
680 6150
2952 6151
4260 6152
4912 6153
5267 6154
636 6155
1747 6156
3587 6157
3076 6158
3879 6159
4019 6160
2595 6161
4822 6162
5541 6163
2197 6164
6117 6165
5844 6166
1818 6167
2289 6168
5035 6169
1226 6170
4468 6171
3689 6172
2425 6173
709 6174
2862 6175
3958 6176
4575 6177
2676 6178
381 6179
1753 6180
5777 6181
5567 6182
4123 6183
1690 6184
5364 6185
3875 6186
865 6187
2342 6188
694 6189
1818 6190
4416 6191
1405 6192
2408 6193
1825 6194
6071 6195
2115 6196
2 6197
4255 6198
5890 6199
2748 6200
5294 6201
1100 6202
4377 6203
2496 6204
1522 6205
4765 6206
4604 6207
2573 6208
6136 6209
897 6210
958 6211
2565 6212
1285 6213
99 6214
3754 6215
4779 6216
3658 6217
3222 6218
762 6219
2620 6220
3981 6221
5232 6222
2653 6223
1926 6224
1898 6225
5876 6226
4872 6227
3562 6228
4914 6229
6026 6230
5426 6231
859 6232
3413 6233
2481 6234
2380 6235
592 6236
3930 6237
4293 6238
5714 6239
3334 6240
5565 6241
744 6242
1407 6243
1587 6244
5628 6245
434 6246
765 6247
5562 6248
3430 6249
4344 6250
300 6251
3327 6252
4732 6253
3775 6254
1445 6255
1805 6256
755 6257
6085 6258
4922 6259
6057 6260
1553 6261
2722 6262
4000 6263
4753 6264
6142 6265
4906 6266
480 6267
814 6268
116 6269
3966 6270
436 6271
4731 6272
2896 6273
1093 6274
4962 6275
4865 6276
3832 6277
2734 6278
5320 6279
6117 6280
4458 6281
5592 6282
2953 6283
2906 6284
1515 6285
452 6286
2306 6287
51 6288
2548 6289
3727 6290
1018 6291
308 6292
1028 6293
249 6294
2151 6295
5043 6296
2752 6297
1871 6298
4880 6299
4008 6300
3272 6301
1728 6302
2943 6303
4344 6304
4429 6305
1823 6306
720 6307
4234 6308
1083 6309
1378 6310
3080 6311
2735 6312
4049 6313
2328 6314
1557 6315
2919 6316
2243 6317
4038 6318
4398 6319
5268 6320
1194 6321
3013 6322
1434 6323
4478 6324
6137 6325
1027 6326
45 6327
1876 6328
3552 6329
573 6330
730 6331
1286 6332
2247 6333
1110 6334
495 6335
1029 6336
4331 6337
4258 6338
1137 6339
25 6340
3905 6341
2484 6342
171 6343
1502 6344
4749 6345
2478 6346
478 6347
1481 6348
4811 6349
3551 6350
1083 6351
1106 6352
4288 6353
5425 6354
1828 6355
6168 6356
1381 6357
5215 6358
3783 6359
4025 6360
4164 6361
2481 6362
1594 6363
1340 6364
513 6365
5847 6366
1206 6367
4035 6368
3582 6369
3693 6370
2899 6371
2983 6372
1919 6373
2813 6374
4245 6375
4867 6376
4926 6377
2819 6378
343 6379
5218 6380
2000 6381
3631 6382
5104 6383
5421 6384
1552 6385
3686 6386
2914 6387
4565 6388
5198 6389
6277 6390
464 6391
2938 6392
4838 6393
3211 6394
2309 6395
48 6396
3966 6397
5221 6398
4064 6399
2260 6400
2898 6401
1566 6402
3287 6403
4800 6404
790 6405
1639 6406
5930 6407
2276 6408
1509 6409
6235 6410
804 6411
678 6412
1009 6413
2955 6414
721 6415
1389 6416
5218 6417
2948 6418
3172 6419
5602 6420
36 6421
2465 6422
6137 6423
1591 6424
920 6425
5388 6426
4725 6427
2853 6428
69 6429
2457 6430
3272 6431
1817 6432
506 6433
2644 6434
6231 6435
5814 6436
6243 6437
4037 6438
3253 6439
4915 6440
714 6441
4323 6442
1354 6443
2922 6444
3365 6445
2242 6446
1124 6447
529 6448
1179 6449
697 6450
5688 6451
2335 6452
3310 6453
4333 6454
2155 6455
4537 6456
1284 6457
2171 6458
511 6459
1221 6460
4713 6461
5244 6462
4274 6463
4566 6464
5209 6465
611 6466
1716 6467
5327 6468
4813 6469
6054 6470
3914 6471
2434 6472
1407 6473
3603 6474
3663 6475
3168 6476
3357 6477
6161 6478
491 6479
56 6480
3653 6481
1484 6482
2359 6483
6192 6484
5723 6485
3573 6486
1816 6487
2548 6488
2756 6489
438 6490
3991 6491
2549 6492
1972 6493
5865 6494
20 6495
5656 6496
1887 6497
2561 6498
2832 6499
2602 6500
218 6501
2773 6502
3768 6503
5739 6504
2589 6505
3783 6506
4122 6507
287 6508
5396 6509
2354 6510
1560 6511
5401 6512
3109 6513
3686 6514
5828 6515
4525 6516
5421 6517
4226 6518
3516 6519
2637 6520
5286 6521
1917 6522
5514 6523
1811 6524
4695 6525
1097 6526
6264 6527
3066 6528
3606 6529
366 6530
4251 6531
3809 6532
711 6533
2910 6534
3333 6535
4273 6536
6327 6537
6017 6538
2427 6539
1927 6540
512 6541
2338 6542
1972 6543
2576 6544
3471 6545
2734 6546
3158 6547
584 6548
2741 6549
1862 6550
1050 6551
4037 6552
4892 6553
1893 6554
5137 6555
2131 6556
1176 6557
2017 6558
6498 6559
4804 6560
1181 6561
5491 6562
4017 6563
96 6564
5531 6565
5345 6566
6133 6567
2340 6568
5427 6569
4649 6570
645 6571
2626 6572
2947 6573
1187 6574
4208 6575
5455 6576
1510 6577
3305 6578
3460 6579
2219 6580
2067 6581
2099 6582
1477 6583
2803 6584
2655 6585
5356 6586
6296 6587
481 6588
5214 6589
2579 6590
6325 6591
5353 6592
4860 6593
1103 6594
5539 6595
3032 6596
2054 6597
3166 6598
6255 6599
6148 6600
3471 6601
5961 6602
1981 6603
1329 6604
2353 6605
243 6606
876 6607
4751 6608
4632 6609
15 6610
4749 6611
3786 6612
2193 6613
5647 6614
1853 6615
412 6616
2604 6617
4400 6618
4595 6619
4868 6620
3983 6621
875 6622
191 6623
132 6624
1498 6625
559 6626
5055 6627
5187 6628
2579 6629
3847 6630
4111 6631
5308 6632
6527 6633
3982 6634
2814 6635
6176 6636
468 6637
1419 6638
2105 6639
844 6640
4810 6641
4371 6642
571 6643
4626 6644
5545 6645
3251 6646
2356 6647
583 6648
3713 6649
1163 6650
4584 6651
1264 6652
5185 6653
451 6654
3302 6655
374 6656
5561 6657
2906 6658
2033 6659
3905 6660
314 6661
975 6662
2788 6663
2424 6664
690 6665
1129 6666
232 6667
2342 6668
5315 6669
6515 6670
3015 6671
5904 6672
6242 6673
1590 6674
3472 6675
6451 6676
611 6677
6414 6678
2211 6679
3035 6680
2705 6681
4845 6682
6070 6683
1854 6684
829 6685
4008 6686
5264 6687
549 6688
6488 6689
1462 6690
234 6691
5983 6692
2508 6693
2664 6694
5378 6695
3927 6696
5844 6697
6166 6698
3673 6699
1701 6700
318 6701
5538 6702
2776 6703
13 6704
1667 6705
4767 6706
6014 6707
5940 6708
5350 6709
4682 6710
3187 6711
4150 6712
3421 6713
3385 6714
6607 6715
5575 6716
5668 6717
4066 6718
1698 6719
5798 6720
4063 6721
6084 6722
1069 6723
1202 6724
1844 6725
1937 6726
6713 6727
3817 6728
1638 6729
2572 6730
5397 6731
193 6732
4563 6733
5567 6734
1488 6735
3385 6736
2383 6737
4207 6738
3360 6739
2438 6740
2136 6741
2542 6742
2769 6743
5310 6744
2130 6745
2469 6746
2000 6747
4815 6748
2929 6749
3277 6750
489 6751
5688 6752
267 6753
4865 6754
234 6755
4347 6756
3874 6757
3499 6758
4276 6759
5164 6760
4208 6761
4468 6762
157 6763
2216 6764
397 6765
4428 6766
5719 6767
5812 6768
6736 6769
2162 6770
5791 6771
2389 6772
35 6773
3540 6774
2338 6775
4725 6776
2568 6777
6067 6778
4843 6779
3285 6780
6002 6781
946 6782
2682 6783
5548 6784
2451 6785
141 6786
1595 6787
5337 6788
1124 6789
3144 6790
5612 6791
4482 6792
3760 6793
1151 6794
2137 6795
6592 6796
2896 6797
5204 6798
5170 6799
1644 6800
1464 6801
6129 6802
79 6803
3283 6804
6345 6805
4014 6806
4812 6807
3118 6808
411 6809
3935 6810
5067 6811
2851 6812
548 6813
1320 6814
1831 6815
2733 6816
4785 6817
1180 6818
2061 6819
2784 6820
4087 6821
4989 6822
4758 6823
2604 6824
1016 6825
1995 6826
1367 6827
6111 6828
6709 6829
660 6830
3667 6831
4151 6832
5242 6833
770 6834
1663 6835
5491 6836
4288 6837
2520 6838
1696 6839
4638 6840
1890 6841
964 6842
5237 6843
2599 6844
6170 6845
4777 6846
4926 6847
5971 6848
1070 6849
2462 6850
590 6851
6842 6852
3542 6853
1354 6854
1341 6855
4285 6856
3274 6857
3526 6858
6754 6859
1359 6860
6532 6861
4399 6862
662 6863
4904 6864
3043 6865
6719 6866
523 6867
1554 6868
2903 6869
3986 6870
6391 6871
5823 6872
4728 6873
3657 6874
5508 6875
2465 6876
639 6877
1239 6878
2988 6879
186 6880
3248 6881
2888 6882
4130 6883
6744 6884
2738 6885
397 6886
4844 6887
2783 6888
3065 6889
2250 6890
4418 6891
664 6892
5899 6893
4502 6894
1846 6895
1650 6896
5602 6897
4587 6898
2041 6899
5000 6900
1420 6901
4851 6902
2280 6903
4521 6904
3089 6905
6757 6906
1128 6907
376 6908
6395 6909
4532 6910
1039 6911
2794 6912
6488 6913
6889 6914
378 6915
4210 6916
6821 6917
4925 6918
2689 6919
302 6920
715 6921
298 6922
6697 6923
1681 6924
5270 6925
3093 6926
3153 6927
6017 6928
3372 6929
5824 6930
5742 6931
3498 6932
1319 6933
3234 6934
1832 6935
5698 6936
740 6937
1134 6938
3517 6939
6827 6940
1800 6941
6548 6942
554 6943
5372 6944
4178 6945
4890 6946
3522 6947
3216 6948
6640 6949
4760 6950
4316 6951
4732 6952
6236 6953
2331 6954
327 6955
4310 6956
3423 6957
6375 6958
1900 6959
2284 6960
2994 6961
2100 6962
5426 6963
5910 6964
999 6965
6044 6966
1654 6967
6066 6968
4376 6969
3513 6970
4791 6971
350 6972
2546 6973
1770 6974
6097 6975
2899 6976
733 6977
4316 6978
6782 6979
1154 6980
5900 6981
2593 6982
696 6983
3865 6984
1253 6985
4278 6986
4447 6987
3463 6988
2200 6989
2624 6990
6211 6991
6972 6992
3111 6993
5721 6994
2874 6995
3129 6996
2618 6997
4112 6998
2700 6999
5986 7000
4373 7001
3770 7002
1415 7003
5213 7004
2648 7005
4916 7006
4354 7007
3151 7008
2692 7009
825 7010
5486 7011
3828 7012
3225 7013
1513 7014
6641 7015
809 7016
32 7017
1718 7018
6053 7019
18 7020
318 7021
2051 7022
360 7023
6698 7024
3566 7025
6701 7026
5666 7027
101 7028
4185 7029
6350 7030
6156 7031
2019 7032
1191 7033
5826 7034
4661 7035
4696 7036
5619 7037
636 7038
1201 7039
6469 7040
2563 7041
1205 7042
4232 7043
6475 7044
3009 7045
4547 7046
6323 7047
4079 7048
4838 7049
7002 7050
6832 7051
5641 7052
6136 7053
369 7054
1791 7055
3025 7056
4041 7057
2047 7058
5966 7059
1209 7060
1334 7061
2481 7062
3973 7063
7002 7064
4736 7065
5445 7066
688 7067
5232 7068
4472 7069
4230 7070
1400 7071
2669 7072
1589 7073
3917 7074
816 7075
3663 7076
6152 7077
3237 7078
2666 7079
75 7080
2044 7081
688 7082
874 7083
4570 7084
6886 7085
1627 7086
1326 7087
5294 7088
4693 7089
1727 7090
2406 7091
5476 7092
6743 7093
5413 7094
4024 7095
592 7096
3148 7097
1847 7098
67 7099
6674 7100
6952 7101
709 7102
1229 7103
1168 7104
989 7105
4875 7106
1901 7107
4900 7108
5447 7109
2726 7110
2019 7111
6675 7112
5043 7113
6181 7114
854 7115
4595 7116
3246 7117
221 7118
4642 7119
3214 7120
6932 7121
4926 7122
6076 7123
2794 7124
1863 7125
1141 7126
1626 7127
6242 7128
817 7129
2221 7130
1395 7131
5462 7132
6670 7133
5040 7134
6065 7135
6180 7136
6015 7137
6684 7138
3273 7139
6513 7140
4322 7141
1186 7142
4751 7143
1215 7144
3448 7145
3881 7146
3527 7147
1123 7148
1978 7149
6179 7150
53 7151
2647 7152
6120 7153
5375 7154
203 7155
4313 7156
746 7157
2668 7158
2009 7159
1232 7160
5028 7161
5131 7162
4534 7163
3320 7164
2183 7165
6416 7166
6888 7167
6191 7168
2993 7169
4725 7170
4351 7171
1988 7172
5002 7173
5898 7174
2266 7175
6590 7176
7015 7177
2937 7178
5883 7179
262 7180
4345 7181
4678 7182
3131 7183
3524 7184
6387 7185
684 7186
5132 7187
1608 7188
1345 7189
181 7190
5765 7191
3297 7192
1689 7193
5106 7194
4927 7195
6994 7196
3130 7197
6392 7198
1455 7199
3705 7200
2368 7201
4408 7202
603 7203
4586 7204
5703 7205
1703 7206
6885 7207
2406 7208
6261 7209
6695 7210
3303 7211
545 7212
4486 7213
288 7214
2384 7215
2247 7216
1338 7217
2769 7218
5211 7219
4283 7220
2619 7221
4035 7222
3788 7223
3566 7224
1070 7225
1257 7226
6106 7227
6752 7228
159 7229
4644 7230
4119 7231
4314 7232
7066 7233
3685 7234
1148 7235
1378 7236
2362 7237
7196 7238
3365 7239
5850 7240
3157 7241
1086 7242
5411 7243
5994 7244
1751 7245
6728 7246
5630 7247
775 7248
1563 7249
414 7250
5051 7251
666 7252
1446 7253
7017 7254
3707 7255
3579 7256
1246 7257
4142 7258
3630 7259
5512 7260
5480 7261
6091 7262
6226 7263
2193 7264
1604 7265
1751 7266
244 7267
4753 7268
2661 7269
3041 7270
5264 7271
5539 7272
5914 7273
2865 7274
5825 7275
3567 7276
569 7277
1819 7278
4532 7279
4913 7280
272 7281
6204 7282
1518 7283
2378 7284
3961 7285
5469 7286
3338 7287
1199 7288
3291 7289
7100 7290
3941 7291
4371 7292
6296 7293
5687 7294
6232 7295
2940 7296
7116 7297
6198 7298
2880 7299
1112 7300
6715 7301
2249 7302
796 7303
6431 7304
7249 7305
4980 7306
2637 7307
6753 7308
2561 7309
3658 7310
3110 7311
1716 7312
1009 7313
6685 7314
4762 7315
1416 7316
3309 7317
1043 7318
3564 7319
1871 7320
4945 7321
4579 7322
2594 7323
1132 7324
3981 7325
4417 7326
1985 7327
2483 7328
3911 7329
1702 7330
5266 7331
3584 7332
4062 7333
4658 7334
5403 7335
4483 7336
2996 7337
4390 7338
6743 7339
1089 7340
5913 7341
5744 7342
2627 7343
3721 7344
1810 7345
3478 7346
1140 7347
6146 7348
7152 7349
7088 7350
6589 7351
1077 7352
3083 7353
7168 7354
7252 7355
2135 7356
4324 7357
2996 7358
3152 7359
6407 7360
822 7361
6940 7362
442 7363
3233 7364
213 7365
5063 7366
5372 7367
2174 7368
1426 7369
6420 7370
4504 7371
4922 7372
1345 7373
1442 7374
612 7375
3834 7376
2567 7377
2795 7378
4397 7379
235 7380
7274 7381
4513 7382
1607 7383
6064 7384
3095 7385
6853 7386
2639 7387
5848 7388
3631 7389
2404 7390
1363 7391
1017 7392
1282 7393
6567 7394
3259 7395
3745 7396
1270 7397
4482 7398
2519 7399
4585 7400
53 7401
3139 7402
3485 7403
1952 7404
4138 7405
3131 7406
1493 7407
6088 7408
1791 7409
4923 7410
2485 7411
4402 7412
2759 7413
6994 7414
640 7415
2097 7416
6060 7417
2125 7418
4638 7419
4802 7420
1419 7421
2763 7422
4825 7423
3348 7424
873 7425
3091 7426
6598 7427
397 7428
6556 7429
2923 7430
2164 7431
1438 7432
6370 7433
2368 7434
3111 7435
4195 7436
454 7437
782 7438
2363 7439
4231 7440
4361 7441
2836 7442
7353 7443
3233 7444
1670 7445
6387 7446
7327 7447
6724 7448
7314 7449
5232 7450
2976 7451
6578 7452
847 7453
5121 7454
5045 7455
4295 7456
3607 7457
4387 7458
4171 7459
5804 7460
7272 7461
3743 7462
1227 7463
5711 7464
5801 7465
1149 7466
5665 7467
1721 7468
3586 7469
3345 7470
716 7471
5927 7472
6290 7473
1108 7474
3889 7475
47 7476
7287 7477
6101 7478
2594 7479
1343 7480
4393 7481
1023 7482
1818 7483
6132 7484
2393 7485
216 7486
4652 7487
4455 7488
7222 7489
4953 7490
600 7491
571 7492
2333 7493
189 7494
5106 7495
4119 7496
4333 7497
4006 7498
5701 7499
1157 7500
3850 7501
2181 7502
1990 7503
5748 7504
6430 7505
1876 7506
3601 7507
4062 7508
7073 7509
755 7510
1016 7511
5169 7512
4420 7513
3364 7514
3230 7515
6405 7516
5759 7517
3273 7518
3753 7519
6546 7520
3717 7521
346 7522
6181 7523
2831 7524
1334 7525
53 7526
4961 7527
6999 7528
1367 7529
6669 7530
4483 7531
1361 7532
6489 7533
2836 7534
1714 7535
3696 7536
912 7537
2868 7538
7089 7539
6986 7540
2388 7541
697 7542
6263 7543
2154 7544
2390 7545
3472 7546
6847 7547
5385 7548
2214 7549
1376 7550
4246 7551
7476 7552
422 7553
4528 7554
4987 7555
6815 7556
1460 7557
631 7558
1780 7559
3506 7560
1786 7561
6447 7562
3050 7563
3389 7564
1983 7565
7362 7566
4899 7567
4898 7568
162 7569
4028 7570
161 7571
7009 7572
2094 7573
3030 7574
1323 7575
5356 7576
5782 7577
5242 7578
5040 7579
4447 7580
3882 7581
3966 7582
5673 7583
3991 7584
2130 7585
4996 7586
5293 7587
4486 7588
7131 7589
3551 7590
4256 7591
4 7592
584 7593
5094 7594
7385 7595
5012 7596
5908 7597
7403 7598
825 7599
6115 7600
1266 7601
6462 7602
6915 7603
3029 7604
6610 7605
5267 7606
907 7607
4250 7608
6406 7609
6514 7610
5803 7611
6968 7612
816 7613
5181 7614
7423 7615
5445 7616
1892 7617
2226 7618
3595 7619
4949 7620
3427 7621
732 7622
1052 7623
1608 7624
491 7625
4806 7626
4015 7627
6371 7628
59 7629
7026 7630
1456 7631
1047 7632
2554 7633
2879 7634
7405 7635
5046 7636
5574 7637
2151 7638
4847 7639
2986 7640
6274 7641
934 7642
4672 7643
490 7644
7576 7645
5097 7646
6084 7647
6507 7648
5200 7649
1889 7650
3814 7651
62 7652
126 7653
7411 7654
3396 7655
3595 7656
3915 7657
503 7658
1225 7659
6396 7660
4419 7661
4647 7662
4461 7663
1300 7664
6472 7665
3744 7666
7212 7667
6583 7668
3897 7669
3410 7670
3750 7671
3912 7672
1771 7673
881 7674
2473 7675
6688 7676
798 7677
2368 7678
364 7679
2347 7680
1826 7681
451 7682
1459 7683
6001 7684
452 7685
7574 7686
3215 7687
2622 7688
3997 7689
5220 7690
2055 7691
4455 7692
7629 7693
7643 7694
2155 7695
2350 7696
6597 7697
7014 7698
7678 7699
2243 7700
6109 7701
3199 7702
661 7703
5492 7704
4255 7705
3369 7706
131 7707
1716 7708
1903 7709
6311 7710
4761 7711
4497 7712
4527 7713
4359 7714
2943 7715
4353 7716
335 7717
326 7718
5376 7719
1859 7720
4885 7721
4949 7722
427 7723
6662 7724
484 7725
1060 7726
4239 7727
6029 7728
775 7729
5284 7730
5422 7731
466 7732
7507 7733
1987 7734
7270 7735
208 7736
2605 7737
5214 7738
4073 7739
7247 7740
3460 7741
5399 7742
3279 7743
4862 7744
713 7745
4356 7746
1563 7747
5911 7748
7307 7749
3283 7750
7063 7751
1203 7752
3816 7753
5876 7754
3995 7755
2527 7756
3257 7757
4702 7758
4620 7759
2421 7760
665 7761
1433 7762
559 7763
1047 7764
3467 7765
5698 7766
5900 7767
7509 7768
144 7769
4398 7770
4837 7771
711 7772
1951 7773
5338 7774
3679 7775
5382 7776
7332 7777
3489 7778
6163 7779
5565 7780
770 7781
5431 7782
3805 7783
6924 7784
3621 7785
3541 7786
7083 7787
566 7788
2350 7789
2221 7790
890 7791
4980 7792
6940 7793
3436 7794
1 7795
4030 7796
6447 7797
2568 7798
4346 7799
148 7800
1088 7801
5645 7802
494 7803
552 7804
3916 7805
5162 7806
4128 7807
5755 7808
279 7809
7389 7810
1258 7811
95 7812
5483 7813
1657 7814
3262 7815
3222 7816
6519 7817
6186 7818
6886 7819
7080 7820
2661 7821
7547 7822
5719 7823
4645 7824
4735 7825
437 7826
888 7827
4642 7828
2187 7829
7389 7830
2295 7831
3019 7832
3017 7833
4321 7834
73 7835
5709 7836
5141 7837
577 7838
2271 7839
3147 7840
1301 7841
5441 7842
4363 7843
493 7844
4523 7845
6520 7846
6220 7847
691 7848
2176 7849
2721 7850
2412 7851
1284 7852
7817 7853
1210 7854
800 7855
3167 7856
6464 7857
172 7858
4696 7859
5711 7860
6359 7861
2715 7862
3835 7863
630 7864
5620 7865
3602 7866
7435 7867
3748 7868
6012 7869
6563 7870
929 7871
2713 7872
5959 7873
3373 7874
4610 7875
226 7876
374 7877
3675 7878
4493 7879
3893 7880
4781 7881
4023 7882
2997 7883
7106 7884
2347 7885
6773 7886
5799 7887
6594 7888
3970 7889
1481 7890
7286 7891
4059 7892
6277 7893
1111 7894
1831 7895
821 7896
7462 7897
3974 7898
6900 7899
419 7900
397 7901
4736 7902
5677 7903
7103 7904
5694 7905
5458 7906
5629 7907
340 7908
5276 7909
4169 7910
2564 7911
2611 7912
2937 7913
6544 7914
4754 7915
574 7916
7415 7917
5726 7918
1848 7919
960 7920
7841 7921
530 7922
5572 7923
3076 7924
4569 7925
4875 7926
3653 7927
2421 7928
1820 7929
78 7930
1058 7931
489 7932
2729 7933
7240 7934
1513 7935
6704 7936
3466 7937
3928 7938
5542 7939
2399 7940
722 7941
4592 7942
1095 7943
405 7944
1591 7945
3644 7946
1509 7947
5703 7948
4029 7949
4495 7950
115 7951
3212 7952
5169 7953
6245 7954
4937 7955
4432 7956
6890 7957
309 7958
7373 7959
3879 7960
3860 7961
1436 7962
4989 7963
5905 7964
6600 7965
5993 7966
1548 7967
1050 7968
7405 7969
7167 7970
2733 7971
5348 7972
2817 7973
3920 7974
1664 7975
533 7976
5004 7977
2322 7978
5400 7979
1332 7980
5730 7981
4160 7982
4662 7983
2977 7984
1484 7985
4694 7986
4159 7987
4323 7988
5576 7989
1181 7990
6652 7991
2142 7992
2446 7993
650 7994
6306 7995
6555 7996
6252 7997
7588 7998
3077 7999
509 8000
7011 8001
5265 8002
383 8003
6766 8004
1062 8005
3307 8006
6270 8007
2570 8008
5981 8009
7000 8010
60 8011
4874 8012
3507 8013
6791 8014
2980 8015
7392 8016
7664 8017
4775 8018
1815 8019
2383 8020
382 8021
6801 8022
5620 8023
1730 8024
3450 8025
4763 8026
6072 8027
1840 8028
1312 8029
5571 8030
4124 8031
4386 8032
3549 8033
1740 8034
7357 8035
7768 8036
4047 8037
2748 8038
2437 8039
5353 8040
5589 8041
69 8042
5673 8043
6300 8044
7653 8045
5068 8046
6405 8047
160 8048
4032 8049
6737 8050
6065 8051
7959 8052
6303 8053
7599 8054
4946 8055
6460 8056
6741 8057
269 8058
2360 8059
11 8060
3563 8061
5465 8062
1839 8063
7201 8064
3176 8065
5988 8066
412 8067
4409 8068
3300 8069
6887 8070
386 8071
3224 8072
1217 8073
1251 8074
5269 8075
2885 8076
3946 8077
3621 8078
1095 8079
4902 8080
5234 8081
7159 8082
2663 8083
3878 8084
7683 8085
698 8086
7485 8087
5325 8088
7988 8089
3832 8090
4012 8091
3885 8092
4714 8093
3705 8094
2311 8095
3588 8096
2472 8097
6057 8098
2017 8099
2708 8100
127 8101
3638 8102
1853 8103
7619 8104
2043 8105
4485 8106
5140 8107
6828 8108
1672 8109
4973 8110
4532 8111
351 8112
628 8113
6398 8114
6796 8115
5342 8116
2636 8117
1399 8118
7483 8119
891 8120
6041 8121
49 8122
5956 8123
4239 8124
2099 8125
3452 8126
4232 8127
5763 8128
6225 8129
1541 8130
5038 8131
6584 8132
627 8133
1968 8134
136 8135
6133 8136
1611 8137
2187 8138
1845 8139
7497 8140
3947 8141
7468 8142
4685 8143
2401 8144
7525 8145
1642 8146
6214 8147
6648 8148
2868 8149
5021 8150
7634 8151
4230 8152
5723 8153
6470 8154
1543 8155
6124 8156
5826 8157
4964 8158
1055 8159
2009 8160
3659 8161
5042 8162
5983 8163
418 8164
954 8165
1882 8166
7363 8167
7741 8168
3998 8169
6182 8170
5336 8171
2120 8172
690 8173
2682 8174
6499 8175
1428 8176
106 8177
1686 8178
4106 8179
3441 8180
5322 8181
5716 8182
6591 8183
2201 8184
4569 8185
3031 8186
1706 8187
4675 8188
6125 8189
7101 8190
259 8191
1277 8192
3298 8193
2284 8194
3483 8195
723 8196
3685 8197
6400 8198
5779 8199
1318 8200
1148 8201
2502 8202
2400 8203
1136 8204
880 8205
1505 8206
10 8207
900 8208
538 8209
6819 8210
7674 8211
3045 8212
1264 8213
3496 8214
5290 8215
6189 8216
7402 8217
1598 8218
5837 8219
3420 8220
1688 8221
5323 8222
6360 8223
4599 8224
3469 8225
2708 8226
1644 8227
7997 8228
7437 8229
4004 8230
1962 8231
1963 8232
1970 8233
4300 8234
1942 8235
5334 8236
5089 8237
1685 8238
1307 8239
2595 8240
5943 8241
1827 8242
6106 8243
6079 8244
2534 8245
2999 8246
6487 8247
4819 8248
1124 8249
5982 8250
564 8251
1573 8252
2848 8253
4651 8254
1887 8255
6769 8256
853 8257
7963 8258
6231 8259
4026 8260
2081 8261
7420 8262
523 8263
6704 8264
5529 8265
1763 8266
3392 8267
5742 8268
5909 8269
4843 8270
7178 8271
8123 8272
3324 8273
2632 8274
5054 8275
7708 8276
6126 8277
8230 8278
7560 8279
7255 8280
3369 8281
6636 8282
8237 8283
1304 8284
7179 8285
4300 8286
5227 8287
4606 8288
252 8289
5177 8290
4854 8291
7281 8292
6646 8293
6705 8294
4963 8295
2780 8296
7015 8297
2733 8298
4036 8299
8251 8300
79 8301
5992 8302
518 8303
4698 8304
1347 8305
5781 8306
61 8307
6680 8308
1140 8309
1512 8310
8139 8311
1648 8312
4459 8313
1100 8314
6686 8315
7106 8316
8071 8317
2843 8318
7977 8319
3424 8320
4480 8321
1802 8322
4511 8323
4191 8324
3603 8325
3340 8326
2747 8327
408 8328
2026 8329
2361 8330
2769 8331
3407 8332
2173 8333
4515 8334
1939 8335
6151 8336
6477 8337
3700 8338
110 8339
4982 8340
5018 8341
1675 8342
2070 8343
4384 8344
1659 8345
1832 8346
2507 8347
2422 8348
3573 8349
3666 8350
5216 8351
3018 8352
4540 8353
2813 8354
3120 8355
8027 8356
5734 8357
961 8358
1349 8359
1781 8360
3286 8361
1950 8362
1387 8363
5294 8364
2322 8365
7833 8366
2192 8367
3661 8368
7122 8369
3239 8370
2685 8371
8318 8372
430 8373
7580 8374
1083 8375
2317 8376
2128 8377
8148 8378
1490 8379
3400 8380
6197 8381
726 8382
3563 8383
6767 8384
2038 8385
3839 8386
5167 8387
6341 8388
2123 8389
7076 8390
2859 8391
5274 8392
4274 8393
3188 8394
6074 8395
1083 8396
5712 8397
5325 8398
4923 8399
5345 8400
1168 8401
7021 8402
4225 8403
2714 8404
7080 8405
8284 8406
1605 8407
7162 8408
2767 8409
4167 8410
65 8411
577 8412
6972 8413
851 8414
6253 8415
7293 8416
3283 8417
1202 8418
101 8419
2706 8420
4442 8421
5921 8422
3718 8423
8165 8424
4694 8425
5892 8426
5435 8427
3812 8428
6740 8429
7849 8430
4265 8431
578 8432
2209 8433
3535 8434
579 8435
2018 8436
5946 8437
2790 8438
4410 8439
6265 8440
7551 8441
3415 8442
5601 8443
7120 8444
4537 8445
7015 8446
8394 8447
5312 8448
3439 8449
1216 8450
2231 8451
5663 8452
5668 8453
6529 8454
3651 8455
6934 8456
1682 8457
4836 8458
6828 8459
1953 8460
2929 8461
6864 8462
4198 8463
624 8464
1610 8465
2672 8466
1722 8467
622 8468
5402 8469
4658 8470
7597 8471
3296 8472
4538 8473
6543 8474
3065 8475
2908 8476
1361 8477
634 8478
8441 8479
2137 8480
83 8481
6412 8482
4184 8483
8236 8484
6777 8485
7573 8486
3882 8487
6538 8488
251 8489
2340 8490
823 8491
2432 8492
6382 8493
1967 8494
2432 8495
4021 8496
2543 8497
1275 8498
6330 8499
6343 8500
721 8501
5751 8502
937 8503
4170 8504
3495 8505
3683 8506
90 8507
7257 8508
7604 8509
3272 8510
2851 8511
763 8512
4695 8513
1435 8514
6040 8515
8288 8516
7238 8517
1848 8518
3977 8519
177 8520
3943 8521
8046 8522
4051 8523
5707 8524
1934 8525
1690 8526
484 8527
3689 8528
5111 8529
294 8530
1183 8531
7848 8532
4427 8533
6052 8534
833 8535
6002 8536
6757 8537
6780 8538
6030 8539
515 8540
8261 8541
4190 8542
711 8543
6269 8544
1778 8545
6078 8546
7252 8547
5702 8548
128 8549
8203 8550
7713 8551
8108 8552
5621 8553
3066 8554
8264 8555
4926 8556
2746 8557
5742 8558
2793 8559
1309 8560
5751 8561
3739 8562
5996 8563
5776 8564
79 8565
6841 8566
5346 8567
7476 8568
3927 8569
6800 8570
3529 8571
8145 8572
5133 8573
7532 8574
3772 8575
3973 8576
6348 8577
5774 8578
803 8579
3475 8580
4556 8581
1911 8582
687 8583
2108 8584
1034 8585
2076 8586
3918 8587
1372 8588
6930 8589
2963 8590
219 8591
2311 8592
6159 8593
2687 8594
4805 8595
183 8596
7341 8597
3173 8598
427 8599
1557 8600
6295 8601
5809 8602
5304 8603
4732 8604
3140 8605
5555 8606
4546 8607
3526 8608
4130 8609
3770 8610
4084 8611
2222 8612
5065 8613
3590 8614
7226 8615
1027 8616
3405 8617
1627 8618
218 8619
1301 8620
6467 8621
6130 8622
6566 8623
7669 8624
4222 8625
6709 8626
452 8627
5933 8628
4278 8629
4498 8630
1326 8631
3623 8632
4377 8633
974 8634
8362 8635
2090 8636
944 8637
7530 8638
7187 8639
3260 8640
756 8641
8606 8642
6730 8643
8220 8644
8387 8645
540 8646
4559 8647
4184 8648
6590 8649
743 8650
6413 8651
683 8652
1365 8653
8422 8654
5535 8655
866 8656
1693 8657
3656 8658
3777 8659
3127 8660
4296 8661
5101 8662
2152 8663
6810 8664
1036 8665
1368 8666
5428 8667
8338 8668
2575 8669
7554 8670
179 8671
6 8672
8186 8673
6504 8674
4444 8675
4423 8676
1989 8677
777 8678
6505 8679
1289 8680
7282 8681
3759 8682
8152 8683
212 8684
3799 8685
5711 8686
4531 8687
3671 8688
430 8689
5895 8690
8629 8691
956 8692
6316 8693
6847 8694
2728 8695
6307 8696
6205 8697
7374 8698
2760 8699
2442 8700
2061 8701
3239 8702
5468 8703
7211 8704
2438 8705
483 8706
1679 8707
5282 8708
3552 8709
6775 8710
5100 8711
8100 8712
8539 8713
4814 8714
3678 8715
7663 8716
2445 8717
7130 8718
1711 8719
1125 8720
1132 8721
8049 8722
4771 8723
1950 8724
1307 8725
7449 8726
3174 8727
6254 8728
3910 8729
1703 8730
230 8731
6619 8732
491 8733
1256 8734
2741 8735
489 8736
3849 8737
6353 8738
3392 8739
5649 8740
5893 8741
803 8742
8515 8743
1744 8744
5937 8745
609 8746
6580 8747
6549 8748
6130 8749
5045 8750
3408 8751
7809 8752
8026 8753
1334 8754
1435 8755
3761 8756
2580 8757
4912 8758
872 8759
6937 8760
5235 8761
6189 8762
3085 8763
1961 8764
6536 8765
7579 8766
1958 8767
4780 8768
7695 8769
549 8770
2590 8771
2268 8772
5776 8773
2468 8774
2560 8775
2409 8776
2861 8777
2123 8778
7595 8779
3994 8780
7854 8781
8502 8782
6450 8783
1968 8784
1320 8785
32 8786
3972 8787
2778 8788
2358 8789
7203 8790
5234 8791
7720 8792
2387 8793
634 8794
7286 8795
303 8796
7911 8797
6998 8798
2809 8799
2440 8800
635 8801
6148 8802
488 8803
7427 8804
3787 8805
3090 8806
8646 8807
5139 8808
2203 8809
6859 8810
7651 8811
8635 8812
4889 8813
5530 8814
3419 8815
6288 8816
4281 8817
3701 8818
7228 8819
2174 8820
8477 8821
7235 8822
7826 8823
1215 8824
2047 8825
6106 8826
7515 8827
5789 8828
4370 8829
4068 8830
3988 8831
125 8832
7499 8833
7767 8834
7092 8835
5608 8836
8779 8837
1922 8838
8805 8839
4689 8840
8576 8841
2536 8842
8751 8843
6085 8844
2623 8845
746 8846
5348 8847
7035 8848
5314 8849
7798 8850
2587 8851
495 8852
2988 8853
6811 8854
2904 8855
7005 8856
5492 8857
6687 8858
5360 8859
5747 8860
4208 8861
6237 8862
4288 8863
4271 8864
5213 8865
2763 8866
3923 8867
3162 8868
6131 8869
1454 8870
5495 8871
477 8872
7381 8873
8034 8874
6877 8875
7994 8876
3063 8877
7996 8878
6264 8879
2857 8880
825 8881
4026 8882
2702 8883
8416 8884
93 8885
7145 8886
6197 8887
1288 8888
2366 8889
1826 8890
6842 8891
3129 8892
687 8893
1390 8894
4157 8895
925 8896
1875 8897
2423 8898
7847 8899
5015 8900
471 8901
7028 8902
7669 8903
6552 8904
7459 8905
3049 8906
8236 8907
2105 8908
451 8909
5336 8910
5348 8911
7509 8912
7919 8913
5257 8914
4234 8915
585 8916
3201 8917
1538 8918
8819 8919
8347 8920
1620 8921
2795 8922
3408 8923
5899 8924
4518 8925
7365 8926
3301 8927
7169 8928
7502 8929
7278 8930
4490 8931
849 8932
3661 8933
7352 8934
4825 8935
242 8936
932 8937
4564 8938
487 8939
5084 8940
3874 8941
4826 8942
8559 8943
8296 8944
7761 8945
654 8946
29 8947
8665 8948
2329 8949
6001 8950
1398 8951
6301 8952
6488 8953
645 8954
480 8955
150 8956
5787 8957
7830 8958
3053 8959
8411 8960
1227 8961
2662 8962
2352 8963
1588 8964
8892 8965
2124 8966
6133 8967
513 8968
1528 8969
7689 8970
4878 8971
3924 8972
7480 8973
6843 8974
8634 8975
8161 8976
4875 8977
3549 8978
4182 8979
4755 8980
4000 8981
6768 8982
3742 8983
1971 8984
4623 8985
6415 8986
4456 8987
7677 8988
6747 8989
5794 8990
4401 8991
7032 8992
265 8993
5117 8994
5191 8995
336 8996
8313 8997
5452 8998
4544 8999
4436 9000
6708 9001
2553 9002
8549 9003
4010 9004
5079 9005
820 9006
1917 9007
8180 9008
850 9009
8942 9010
119 9011
4334 9012
6209 9013
564 9014
2423 9015
8247 9016
3444 9017
231 9018
4584 9019
7653 9020
8317 9021
5196 9022
37 9023
5166 9024
4629 9025
2453 9026
7045 9027
2809 9028
8195 9029
3366 9030
2336 9031
3763 9032
819 9033
5317 9034
3179 9035
2423 9036
8856 9037
8336 9038
6242 9039
6082 9040
2763 9041
6483 9042
5392 9043
3238 9044
3070 9045
5225 9046
2175 9047
6595 9048
2093 9049
3836 9050
9021 9051
3262 9052
8068 9053
844 9054
175 9055
8426 9056
7844 9057
3492 9058
7498 9059
1301 9060
1109 9061
6650 9062
3694 9063
2963 9064
1944 9065
3705 9066
2132 9067
3979 9068
7397 9069
8382 9070
3413 9071
1017 9072
5231 9073
6258 9074
7440 9075
6558 9076
3960 9077
7116 9078
113 9079
5275 9080
527 9081
5896 9082
5280 9083
5910 9084
3715 9085
6709 9086
8428 9087
6400 9088
7021 9089
7615 9090
4923 9091
3364 9092
3675 9093
7986 9094
5865 9095
214 9096
7255 9097
2720 9098
1751 9099
8494 9100
947 9101
3353 9102
7312 9103
2462 9104
3910 9105
7495 9106
5645 9107
3876 9108
8056 9109
3074 9110
1544 9111
1648 9112
8230 9113
2760 9114
8202 9115
7554 9116
2752 9117
2909 9118
9018 9119
6367 9120
4557 9121
8896 9122
8876 9123
5611 9124
8614 9125
1083 9126
1495 9127
2212 9128
3386 9129
1759 9130
5980 9131
2514 9132
2078 9133
5518 9134
3654 9135
6934 9136
503 9137
1225 9138
1657 9139
4462 9140
3647 9141
3670 9142
8335 9143
5551 9144
8083 9145
1895 9146
266 9147
2861 9148
8161 9149
2102 9150
1385 9151
1012 9152
3717 9153
7491 9154
3547 9155
8069 9156
2633 9157
5337 9158
1612 9159
6198 9160
2283 9161
8972 9162
2510 9163
1459 9164
741 9165
1168 9166
5342 9167
4878 9168
549 9169
7185 9170
2078 9171
4093 9172
86 9173
8295 9174
2590 9175
6922 9176
2517 9177
4507 9178
3354 9179
5517 9180
7658 9181
2644 9182
4321 9183
2239 9184
1292 9185
3298 9186
1208 9187
324 9188
7484 9189
8531 9190
4596 9191
2190 9192
5509 9193
9050 9194
1603 9195
440 9196
2536 9197
432 9198
2317 9199
206 9200
8368 9201
946 9202
3039 9203
6607 9204
5686 9205
3597 9206
3828 9207
7851 9208
874 9209
3847 9210
787 9211
7115 9212
2620 9213
5479 9214
8886 9215
618 9216
6259 9217
3400 9218
3090 9219
1149 9220
2939 9221
5371 9222
5240 9223
6856 9224
913 9225
6685 9226
7291 9227
564 9228
5783 9229
6611 9230
11 9231
6989 9232
2600 9233
1409 9234
2358 9235
3530 9236
7670 9237
5014 9238
3748 9239
1633 9240
8835 9241
6392 9242
8741 9243
1540 9244
5629 9245
9178 9246
2725 9247
3800 9248
5823 9249
8545 9250
3525 9251
5329 9252
4529 9253
6462 9254
6826 9255
8363 9256
5650 9257
3494 9258
8042 9259
2728 9260
2441 9261
2871 9262
4507 9263
3941 9264
7884 9265
104 9266
1382 9267
948 9268
4249 9269
3343 9270
5675 9271
1265 9272
934 9273
8674 9274
1185 9275
4644 9276
6312 9277
8957 9278
8610 9279
5443 9280
2476 9281
7008 9282
2874 9283
6834 9284
1037 9285
5125 9286
1540 9287
910 9288
5590 9289
3995 9290
7116 9291
5564 9292
8363 9293
1747 9294
7102 9295
6704 9296
20 9297
5074 9298
6503 9299
5998 9300
1236 9301
5028 9302
6971 9303
4025 9304
3619 9305
8905 9306
7696 9307
4132 9308
4756 9309
2881 9310
4365 9311
79 9312
5810 9313
852 9314
6291 9315
8152 9316
3535 9317
1949 9318
7549 9319
6835 9320
5398 9321
6914 9322
7192 9323
3272 9324
5068 9325
8207 9326
5186 9327
8833 9328
6009 9329
1192 9330
2529 9331
3526 9332
387 9333
5215 9334
2124 9335
5171 9336
6126 9337
6121 9338
4199 9339
3370 9340
6061 9341
6734 9342
2326 9343
7851 9344
2513 9345
3884 9346
3323 9347
6826 9348
6885 9349
8468 9350
7646 9351
3294 9352
1167 9353
7950 9354
3071 9355
4534 9356
3697 9357
57 9358
1587 9359
3299 9360
5749 9361
3807 9362
8013 9363
8678 9364
2469 9365
3105 9366
3483 9367
5145 9368
1259 9369
7470 9370
4653 9371
4182 9372
2458 9373
6653 9374
6900 9375
5699 9376
537 9377
2291 9378
6735 9379
3273 9380
5168 9381
7126 9382
8687 9383
5645 9384
4062 9385
6 9386
624 9387
9385 9388
8479 9389
2827 9390
1705 9391
4614 9392
313 9393
6555 9394
3087 9395
5077 9396
7410 9397
7791 9398
617 9399
3616 9400
1289 9401
4447 9402
8918 9403
1731 9404
6948 9405
6093 9406
6665 9407
2435 9408
7475 9409
9205 9410
1681 9411
1796 9412
2503 9413
3488 9414
751 9415
619 9416
5317 9417
8139 9418
8742 9419
8801 9420
6236 9421
4002 9422
5197 9423
447 9424
1113 9425
5230 9426
3239 9427
4029 9428
5660 9429
6992 9430
8452 9431
1715 9432
2527 9433
2844 9434
2225 9435
7054 9436
8090 9437
8572 9438
2177 9439
3355 9440
8876 9441
242 9442
4621 9443
2092 9444
6304 9445
6371 9446
769 9447
8107 9448
437 9449
1302 9450
8904 9451
1451 9452
2503 9453
1323 9454
1092 9455
9230 9456
4220 9457
9257 9458
794 9459
5650 9460
5972 9461
1049 9462
8532 9463
4126 9464
871 9465
5790 9466
6321 9467
6049 9468
4145 9469
5805 9470
5202 9471
2700 9472
185 9473
225 9474
8661 9475
1490 9476
2133 9477
8000 9478
3825 9479
2653 9480
1813 9481
8655 9482
4400 9483
7753 9484
7510 9485
3845 9486
1914 9487
269 9488
973 9489
6067 9490
2332 9491
4832 9492
1073 9493
3867 9494
3227 9495
916 9496
2648 9497
4546 9498
8982 9499
2511 9500
2614 9501
1484 9502
1842 9503
7027 9504
724 9505
2428 9506
1897 9507
361 9508
7113 9509
428 9510
7174 9511
8628 9512
4417 9513
8744 9514
6575 9515
2690 9516
3786 9517
5840 9518
6030 9519
9242 9520
8061 9521
3679 9522
9060 9523
7210 9524
8859 9525
178 9526
5434 9527
6687 9528
3344 9529
8422 9530
1980 9531
291 9532
893 9533
128 9534
6734 9535
1686 9536
1513 9537
5643 9538
7453 9539
5343 9540
8802 9541
3263 9542
6592 9543
8131 9544
3561 9545
7189 9546
8858 9547
723 9548
8862 9549
3913 9550
5070 9551
9519 9552
1254 9553
3037 9554
6385 9555
3901 9556
6007 9557
735 9558
2109 9559
3716 9560
1230 9561
9383 9562
8227 9563
8680 9564
9366 9565
3383 9566
8677 9567
3454 9568
7146 9569
6541 9570
8698 9571
9059 9572
4555 9573
1432 9574
9319 9575
8243 9576
1508 9577
7266 9578
3084 9579
5357 9580
541 9581
116 9582
4777 9583
8720 9584
9582 9585
655 9586
5329 9587
9325 9588
5096 9589
3510 9590
4907 9591
2096 9592
8448 9593
2203 9594
7048 9595
684 9596
5204 9597
6635 9598
6726 9599
4316 9600
1448 9601
1725 9602
3949 9603
2982 9604
7525 9605
233 9606
849 9607
4375 9608
784 9609
6563 9610
4228 9611
4489 9612
3515 9613
5863 9614
4318 9615
5213 9616
5956 9617
7896 9618
3798 9619
4689 9620
6712 9621
6474 9622
7571 9623
5215 9624
2586 9625
7904 9626
8483 9627
8595 9628
4195 9629
80 9630
5572 9631
805 9632
1961 9633
454 9634
2091 9635
8507 9636
6132 9637
3712 9638
4268 9639
424 9640
6520 9641
431 9642
3084 9643
8989 9644
7911 9645
5615 9646
1961 9647
1608 9648
7472 9649
5615 9650
8436 9651
2346 9652
9483 9653
7646 9654
2535 9655
6419 9656
9057 9657
9150 9658
940 9659
1271 9660
9200 9661
1796 9662
5723 9663
3659 9664
1265 9665
4307 9666
8637 9667
8299 9668
7031 9669
8754 9670
549 9671
5827 9672
2428 9673
8711 9674
5117 9675
2802 9676
6968 9677
955 9678
1045 9679
2346 9680
8632 9681
8224 9682
1046 9683
8691 9684
4050 9685
8414 9686
1595 9687
8651 9688
4669 9689
6436 9690
798 9691
9490 9692
4371 9693
5166 9694
5527 9695
1396 9696
2383 9697
740 9698
7033 9699
3845 9700
2995 9701
5333 9702
343 9703
5397 9704
7590 9705
3073 9706
2297 9707
6605 9708
9467 9709
9618 9710
6454 9711
7728 9712
8440 9713
8541 9714
936 9715
3164 9716
4375 9717
2840 9718
4775 9719
2576 9720
537 9721
9078 9722
3705 9723
2642 9724
8963 9725
6202 9726
3922 9727
8556 9728
9178 9729
7328 9730
9090 9731
8616 9732
2086 9733
4280 9734
4052 9735
8263 9736
6015 9737
3624 9738
3336 9739
9553 9740
8616 9741
1153 9742
9080 9743
9516 9744
1164 9745
5833 9746
9025 9747
5145 9748
6804 9749
3348 9750
4839 9751
6259 9752
9014 9753
2719 9754
2621 9755
4788 9756
8958 9757
2410 9758
5587 9759
207 9760
2541 9761
1751 9762
8762 9763
8000 9764
2908 9765
9535 9766
8447 9767
17 9768
9228 9769
7587 9770
8382 9771
8374 9772
7958 9773
5076 9774
4793 9775
2213 9776
427 9777
5219 9778
5123 9779
7038 9780
8631 9781
8230 9782
2906 9783
8494 9784
7761 9785
5313 9786
2064 9787
6411 9788
2881 9789
151 9790
4208 9791
6044 9792
6383 9793
7347 9794
4393 9795
2619 9796
5602 9797
210 9798
8729 9799
107 9800
7221 9801
6605 9802
7604 9803
6879 9804
6852 9805
8456 9806
4575 9807
7756 9808
949 9809
4020 9810
2945 9811
6701 9812
527 9813
9573 9814
6186 9815
2095 9816
257 9817
1293 9818
8920 9819
4712 9820
4515 9821
6796 9822
7403 9823
1027 9824
2101 9825
6229 9826
7904 9827
7117 9828
8071 9829
4794 9830
8069 9831
9401 9832
5457 9833
6274 9834
9823 9835
2812 9836
9785 9837
6472 9838
8821 9839
5403 9840
1153 9841
3047 9842
3947 9843
1142 9844
5524 9845
7432 9846
9126 9847
4600 9848
9678 9849
5880 9850
4741 9851
2255 9852
8209 9853
7112 9854
7964 9855
9010 9856
4576 9857
1567 9858
1922 9859
1267 9860
8977 9861
5515 9862
1334 9863
6538 9864
7587 9865
855 9866
5952 9867
4809 9868
5170 9869
7885 9870
2008 9871
454 9872
4681 9873
3057 9874
465 9875
593 9876
2485 9877
5706 9878
3412 9879
6197 9880
1063 9881
5479 9882
7723 9883
562 9884
9594 9885
3091 9886
7463 9887
8316 9888
8102 9889
7003 9890
9015 9891
7418 9892
7509 9893
6953 9894
3763 9895
34 9896
2787 9897
1222 9898
2948 9899
25 9900
7996 9901
3698 9902
2906 9903
3038 9904
4026 9905
9436 9906
9338 9907
3787 9908
5199 9909
298 9910
7941 9911
3109 9912
689 9913
6851 9914
9748 9915
2784 9916
4642 9917
2043 9918
1158 9919
3658 9920
4671 9921
4554 9922
1633 9923
163 9924
8678 9925
2189 9926
9408 9927
9276 9928
4933 9929
4567 9930
6872 9931
9021 9932
3412 9933
6007 9934
149 9935
4500 9936
7648 9937
2159 9938
2695 9939
8357 9940
1802 9941
6262 9942
5995 9943
3761 9944
8354 9945
8251 9946
9643 9947
7779 9948
606 9949
1571 9950
2162 9951
2666 9952
2772 9953
2374 9954
6088 9955
2413 9956
6404 9957
6148 9958
3697 9959
470 9960
2166 9961
50 9962
9170 9963
480 9964
4137 9965
3396 9966
3946 9967
8888 9968
9404 9969
9034 9970
5744 9971
4534 9972
2238 9973
3347 9974
4010 9975
777 9976
7414 9977
651 9978
2768 9979
7278 9980
6242 9981
7024 9982
9311 9983
8496 9984
8287 9985
5083 9986
624 9987
6409 9988
5168 9989
9853 9990
1542 9991
9175 9992
3387 9993
8054 9994
9463 9995
2905 9996
1939 9997
425 9998
7560 9999
9095 10000
