1 2
1 3
3 4
1 5
1 6
5 7
7 8
3 9
2 10
1 11
4 12
4 13
9 14
10 15
8 16
4 17
5 18
11 19
19 20
20 21
19 22
2 23
9 24
2 25
5 26
8 27
27 28
3 29
9 30
13 31
30 32
14 33
18 34
4 35
15 36
12 37
8 38
2 39
10 40
16 41
38 42
30 43
37 44
27 45
4 46
25 47
13 48
4 49
9 50
25 51
48 52
4 53
36 54
21 55
25 56
51 57
51 58
27 59
20 60
45 61
59 62
26 63
23 64
64 65
14 66
36 67
6 68
27 69
60 70
29 71
69 72
18 73
19 74
9 75
74 76
75 77
58 78
32 79
78 80
40 81
11 82
65 83
46 84
14 85
12 86
82 87
18 88
9 89
57 90
87 91
45 92
85 93
92 94
66 95
83 96
86 97
27 98
84 99
21 100
73 101
18 102
3 103
36 104
48 105
54 106
45 107
33 108
65 109
71 110
24 111
87 112
53 113
42 114
107 115
96 116
35 117
72 118
95 119
19 120
16 121
115 122
11 123
23 124
53 125
33 126
89 127
23 128
53 129
40 130
99 131
85 132
70 133
38 134
108 135
23 136
123 137
12 138
45 139
126 140
65 141
24 142
94 143
139 144
121 145
27 146
114 147
134 148
128 149
68 150
32 151
49 152
78 153
16 154
60 155
62 156
45 157
109 158
50 159
145 160
128 161
139 162
98 163
73 164
54 165
68 166
139 167
34 168
111 169
117 170
156 171
79 172
153 173
132 174
169 175
169 176
169 177
155 178
24 179
83 180
62 181
17 182
130 183
158 184
89 185
101 186
3 187
21 188
62 189
18 190
138 191
27 192
164 193
25 194
64 195
40 196
84 197
7 198
197 199
72 200
68 201
3 202
107 203
22 204
56 205
85 206
179 207
40 208
200 209
82 210
102 211
176 212
122 213
134 214
99 215
49 216
160 217
175 218
70 219
96 220
5 221
178 222
139 223
123 224
55 225
141 226
217 227
37 228
152 229
189 230
82 231
89 232
101 233
70 234
195 235
206 236
23 237
206 238
76 239
159 240
22 241
83 242
30 243
137 244
13 245
92 246
11 247
60 248
125 249
184 250
