1 2
2 3
1 4
4 5
2 6
5 7
2 8
4 9
1 10
3 11
10 12
2 13
13 14
3 15
14 16
7 17
5 18
10 19
10 20
4 21
15 22
18 23
2 24
19 25
5 26
2 27
20 28
23 29
12 30
15 31
19 32
22 33
31 34
16 35
1 36
33 37
27 38
34 39
7 40
8 41
25 42
37 43
15 44
9 45
19 46
43 47
42 48
19 49
33 50
24 51
34 52
43 53
8 54
42 55
36 56
34 57
51 58
40 59
22 60
29 61
51 62
3 63
16 64
40 65
1 66
44 67
3 68
23 69
51 70
42 71
71 72
52 73
29 74
8 75
32 76
38 77
66 78
33 79
42 80
25 81
34 82
19 83
46 84
26 85
77 86
35 87
25 88
69 89
41 90
87 91
65 92
24 93
72 94
36 95
90 96
28 97
88 98
67 99
76 100
2 101
92 102
23 103
56 104
61 105
59 106
1 107
1 108
34 109
46 110
10 111
103 112
18 113
43 114
86 115
41 116
25 117
96 118
92 119
17 120
17 121
15 122
61 123
113 124
58 125
104 126
98 127
47 128
75 129
100 130
1 131
87 132
126 133
29 134
37 135
125 136
27 137
1 138
20 139
81 140
84 141
4 142
11 143
74 144
29 145
93 146
127 147
69 148
91 149
66 150
126 151
100 152
85 153
74 154
76 155
135 156
128 157
117 158
135 159
122 160
102 161
128 162
57 163
48 164
55 165
122 166
96 167
115 168
4 169
159 170
130 171
77 172
136 173
77 174
165 175
82 176
165 177
116 178
104 179
145 180
140 181
75 182
16 183
101 184
159 185
154 186
72 187
161 188
78 189
126 190
3 191
73 192
105 193
89 194
185 195
116 196
37 197
34 198
72 199
196 200
94 201
88 202
198 203
179 204
145 205
172 206
65 207
156 208
65 209
165 210
123 211
160 212
64 213
90 214
76 215
62 216
184 217
87 218
1 219
168 220
48 221
102 222
67 223
149 224
182 225
192 226
190 227
210 228
193 229
22 230
89 231
127 232
219 233
167 234
93 235
20 236
130 237
115 238
46 239
74 240
122 241
189 242
238 243
181 244
175 245
224 246
108 247
207 248
122 249
27 250
44 251
194 252
242 253
121 254
149 255
3 256
227 257
80 258
163 259
92 260
46 261
157 262
108 263
141 264
163 265
145 266
232 267
264 268
132 269
73 270
132 271
224 272
190 273
128 274
138 275
264 276
219 277
57 278
38 279
84 280
185 281
152 282
245 283
5 284
19 285
280 286
264 287
228 288
141 289
64 290
158 291
151 292
161 293
228 294
186 295
288 296
241 297
118 298
150 299
154 300
201 301
213 302
93 303
141 304
99 305
290 306
77 307
176 308
96 309
142 310
186 311
58 312
62 313
221 314
14 315
98 316
84 317
47 318
68 319
142 320
136 321
261 322
30 323
291 324
36 325
62 326
292 327
211 328
38 329
111 330
34 331
146 332
253 333
211 334
249 335
64 336
80 337
137 338
113 339
176 340
166 341
116 342
139 343
61 344
296 345
165 346
196 347
114 348
28 349
88 350
300 351
60 352
172 353
258 354
229 355
246 356
30 357
6 358
17 359
151 360
228 361
181 362
283 363
234 364
6 365
226 366
177 367
272 368
30 369
185 370
80 371
168 372
117 373
39 374
19 375
207 376
198 377
243 378
140 379
251 380
328 381
158 382
357 383
318 384
57 385
302 386
45 387
166 388
92 389
149 390
122 391
23 392
186 393
169 394
140 395
153 396
218 397
111 398
386 399
216 400
271 401
31 402
279 403
208 404
209 405
334 406
196 407
172 408
225 409
88 410
65 411
333 412
175 413
184 414
376 415
381 416
22 417
171 418
43 419
367 420
276 421
191 422
275 423
247 424
4 425
301 426
31 427
88 428
241 429
366 430
343 431
313 432
40 433
201 434
396 435
72 436
211 437
228 438
429 439
133 440
270 441
189 442
101 443
227 444
50 445
342 446
166 447
375 448
69 449
49 450
264 451
210 452
148 453
419 454
70 455
117 456
376 457
63 458
309 459
406 460
231 461
366 462
317 463
77 464
427 465
214 466
330 467
152 468
3 469
395 470
341 471
13 472
50 473
135 474
143 475
43 476
370 477
297 478
17 479
437 480
421 481
54 482
280 483
114 484
112 485
56 486
137 487
138 488
187 489
157 490
412 491
248 492
191 493
311 494
202 495
60 496
130 497
389 498
478 499
260 500
276 501
275 502
375 503
40 504
14 505
171 506
480 507
94 508
24 509
484 510
440 511
171 512
3 513
402 514
413 515
41 516
268 517
365 518
277 519
435 520
109 521
112 522
383 523
512 524
351 525
254 526
395 527
501 528
20 529
424 530
232 531
229 532
367 533
292 534
290 535
91 536
64 537
75 538
292 539
194 540
268 541
347 542
55 543
468 544
477 545
410 546
327 547
517 548
230 549
240 550
373 551
319 552
81 553
45 554
93 555
418 556
501 557
215 558
402 559
259 560
220 561
189 562
402 563
255 564
93 565
286 566
179 567
559 568
188 569
366 570
171 571
465 572
284 573
21 574
542 575
467 576
550 577
353 578
207 579
158 580
536 581
78 582
129 583
281 584
130 585
305 586
263 587
409 588
336 589
266 590
132 591
585 592
31 593
497 594
250 595
45 596
398 597
342 598
325 599
212 600
203 601
258 602
123 603
488 604
600 605
118 606
601 607
206 608
152 609
227 610
134 611
277 612
179 613
571 614
253 615
142 616
97 617
414 618
226 619
248 620
148 621
383 622
469 623
587 624
280 625
370 626
253 627
601 628
217 629
366 630
230 631
254 632
510 633
168 634
98 635
308 636
145 637
298 638
384 639
245 640
252 641
330 642
513 643
334 644
641 645
625 646
591 647
428 648
346 649
241 650
597 651
524 652
576 653
518 654
187 655
110 656
547 657
612 658
647 659
473 660
44 661
204 662
399 663
375 664
305 665
662 666
192 667
354 668
526 669
501 670
350 671
667 672
548 673
617 674
177 675
642 676
674 677
342 678
392 679
92 680
613 681
366 682
328 683
487 684
607 685
399 686
294 687
168 688
514 689
539 690
585 691
112 692
365 693
523 694
573 695
143 696
334 697
226 698
524 699
260 700
33 701
494 702
697 703
368 704
476 705
114 706
155 707
279 708
291 709
576 710
419 711
75 712
625 713
104 714
154 715
385 716
280 717
324 718
342 719
145 720
298 721
336 722
19 723
113 724
444 725
120 726
557 727
33 728
476 729
226 730
181 731
295 732
639 733
346 734
439 735
607 736
364 737
686 738
57 739
688 740
652 741
667 742
99 743
522 744
356 745
720 746
554 747
462 748
686 749
87 750
451 751
420 752
341 753
13 754
186 755
75 756
449 757
325 758
628 759
425 760
523 761
357 762
706 763
710 764
272 765
120 766
150 767
271 768
136 769
597 770
69 771
450 772
482 773
505 774
594 775
481 776
722 777
502 778
12 779
285 780
618 781
494 782
742 783
427 784
128 785
743 786
44 787
236 788
38 789
470 790
438 791
621 792
625 793
425 794
55 795
284 796
42 797
636 798
6 799
131 800
126 801
606 802
622 803
172 804
265 805
250 806
241 807
701 808
695 809
654 810
674 811
447 812
275 813
708 814
241 815
617 816
235 817
142 818
235 819
749 820
400 821
644 822
90 823
694 824
34 825
642 826
446 827
231 828
476 829
626 830
15 831
830 832
312 833
54 834
619 835
829 836
256 837
478 838
243 839
49 840
706 841
501 842
245 843
344 844
705 845
199 846
22 847
431 848
460 849
128 850
291 851
773 852
24 853
29 854
824 855
331 856
149 857
262 858
816 859
149 860
238 861
822 862
29 863
362 864
252 865
204 866
815 867
171 868
88 869
696 870
46 871
154 872
509 873
789 874
262 875
720 876
332 877
726 878
400 879
622 880
29 881
647 882
165 883
481 884
678 885
450 886
380 887
686 888
688 889
801 890
174 891
701 892
104 893
644 894
108 895
795 896
493 897
486 898
264 899
863 900
524 901
496 902
160 903
753 904
64 905
872 906
615 907
767 908
226 909
510 910
761 911
737 912
911 913
872 914
319 915
508 916
624 917
131 918
285 919
665 920
791 921
865 922
219 923
478 924
623 925
711 926
7 927
41 928
444 929
69 930
713 931
872 932
617 933
873 934
264 935
149 936
686 937
475 938
491 939
689 940
465 941
426 942
865 943
8 944
330 945
716 946
51 947
522 948
541 949
891 950
547 951
481 952
152 953
570 954
245 955
852 956
657 957
740 958
1 959
440 960
328 961
2 962
867 963
61 964
380 965
843 966
245 967
919 968
629 969
67 970
183 971
399 972
213 973
345 974
944 975
454 976
688 977
84 978
779 979
342 980
74 981
676 982
836 983
789 984
204 985
493 986
185 987
513 988
223 989
912 990
640 991
660 992
148 993
216 994
131 995
493 996
911 997
60 998
570 999
974 1000
997 1001
996 1002
727 1003
588 1004
670 1005
216 1006
812 1007
797 1008
41 1009
150 1010
614 1011
476 1012
134 1013
782 1014
838 1015
685 1016
383 1017
505 1018
863 1019
270 1020
360 1021
273 1022
775 1023
310 1024
357 1025
600 1026
506 1027
66 1028
354 1029
552 1030
306 1031
98 1032
617 1033
1030 1034
732 1035
159 1036
921 1037
599 1038
980 1039
305 1040
214 1041
858 1042
5 1043
974 1044
718 1045
813 1046
109 1047
85 1048
319 1049
232 1050
94 1051
198 1052
257 1053
320 1054
92 1055
143 1056
328 1057
384 1058
1040 1059
889 1060
146 1061
905 1062
264 1063
200 1064
467 1065
935 1066
695 1067
85 1068
846 1069
929 1070
735 1071
1009 1072
561 1073
305 1074
1065 1075
196 1076
729 1077
553 1078
694 1079
1029 1080
1020 1081
184 1082
997 1083
143 1084
270 1085
81 1086
849 1087
711 1088
387 1089
311 1090
583 1091
535 1092
706 1093
378 1094
729 1095
282 1096
353 1097
125 1098
331 1099
1063 1100
396 1101
357 1102
1057 1103
507 1104
1053 1105
902 1106
346 1107
305 1108
1083 1109
362 1110
365 1111
811 1112
448 1113
574 1114
227 1115
180 1116
243 1117
301 1118
457 1119
742 1120
967 1121
330 1122
24 1123
908 1124
281 1125
150 1126
483 1127
923 1128
698 1129
979 1130
1105 1131
263 1132
77 1133
572 1134
889 1135
542 1136
1065 1137
535 1138
81 1139
660 1140
961 1141
1043 1142
201 1143
1006 1144
493 1145
639 1146
22 1147
395 1148
616 1149
906 1150
362 1151
1005 1152
316 1153
447 1154
886 1155
388 1156
643 1157
73 1158
290 1159
115 1160
714 1161
480 1162
742 1163
1091 1164
198 1165
261 1166
127 1167
1164 1168
1004 1169
564 1170
72 1171
966 1172
1135 1173
956 1174
743 1175
327 1176
503 1177
755 1178
183 1179
68 1180
251 1181
350 1182
259 1183
962 1184
269 1185
299 1186
803 1187
430 1188
1072 1189
868 1190
1175 1191
527 1192
1011 1193
26 1194
36 1195
768 1196
501 1197
326 1198
69 1199
804 1200
434 1201
1135 1202
703 1203
1098 1204
471 1205
591 1206
247 1207
246 1208
875 1209
332 1210
245 1211
284 1212
1113 1213
400 1214
840 1215
973 1216
689 1217
298 1218
872 1219
1092 1220
329 1221
169 1222
319 1223
764 1224
1023 1225
47 1226
1079 1227
204 1228
46 1229
417 1230
822 1231
503 1232
269 1233
323 1234
128 1235
671 1236
229 1237
136 1238
37 1239
551 1240
938 1241
813 1242
268 1243
423 1244
165 1245
550 1246
120 1247
864 1248
509 1249
856 1250
1039 1251
793 1252
114 1253
937 1254
77 1255
1157 1256
121 1257
11 1258
838 1259
1073 1260
1102 1261
530 1262
725 1263
419 1264
1257 1265
6 1266
538 1267
533 1268
265 1269
254 1270
304 1271
854 1272
1111 1273
810 1274
275 1275
955 1276
678 1277
431 1278
1035 1279
371 1280
1162 1281
734 1282
436 1283
1234 1284
592 1285
1200 1286
650 1287
647 1288
922 1289
284 1290
1203 1291
572 1292
937 1293
921 1294
141 1295
582 1296
556 1297
763 1298
154 1299
1115 1300
972 1301
469 1302
1194 1303
92 1304
131 1305
519 1306
1259 1307
1262 1308
418 1309
152 1310
879 1311
1133 1312
111 1313
24 1314
429 1315
409 1316
624 1317
281 1318
746 1319
1278 1320
1230 1321
648 1322
125 1323
1091 1324
312 1325
249 1326
768 1327
1241 1328
220 1329
1009 1330
865 1331
731 1332
441 1333
982 1334
531 1335
823 1336
357 1337
527 1338
66 1339
1216 1340
1277 1341
1136 1342
361 1343
496 1344
321 1345
931 1346
520 1347
371 1348
361 1349
339 1350
1000 1351
485 1352
1034 1353
102 1354
745 1355
1117 1356
471 1357
590 1358
1037 1359
596 1360
1355 1361
1123 1362
776 1363
811 1364
510 1365
109 1366
197 1367
85 1368
42 1369
29 1370
822 1371
658 1372
1352 1373
1205 1374
412 1375
230 1376
406 1377
938 1378
1271 1379
1108 1380
1300 1381
1074 1382
1151 1383
1127 1384
1036 1385
497 1386
99 1387
1103 1388
1383 1389
173 1390
519 1391
1326 1392
623 1393
624 1394
5 1395
708 1396
38 1397
187 1398
595 1399
68 1400
354 1401
595 1402
837 1403
572 1404
89 1405
1158 1406
514 1407
297 1408
845 1409
33 1410
225 1411
187 1412
1215 1413
1211 1414
1018 1415
364 1416
701 1417
1009 1418
758 1419
1127 1420
466 1421
80 1422
460 1423
827 1424
827 1425
568 1426
1003 1427
1050 1428
329 1429
880 1430
463 1431
161 1432
1160 1433
77 1434
37 1435
919 1436
217 1437
249 1438
794 1439
214 1440
1381 1441
747 1442
1021 1443
1324 1444
251 1445
414 1446
513 1447
1243 1448
1248 1449
737 1450
1011 1451
1384 1452
1416 1453
773 1454
609 1455
1372 1456
777 1457
11 1458
584 1459
1446 1460
896 1461
71 1462
1408 1463
512 1464
255 1465
1109 1466
488 1467
145 1468
333 1469
282 1470
1409 1471
347 1472
476 1473
699 1474
964 1475
962 1476
610 1477
242 1478
163 1479
21 1480
1147 1481
320 1482
1218 1483
454 1484
1226 1485
291 1486
1078 1487
1206 1488
45 1489
1101 1490
1347 1491
1192 1492
1038 1493
1389 1494
824 1495
1461 1496
1430 1497
1299 1498
347 1499
1058 1500
683 1501
438 1502
392 1503
180 1504
594 1505
1242 1506
543 1507
1003 1508
1434 1509
1284 1510
115 1511
711 1512
169 1513
637 1514
1194 1515
340 1516
788 1517
1100 1518
258 1519
682 1520
1171 1521
562 1522
87 1523
1239 1524
203 1525
630 1526
501 1527
565 1528
1135 1529
1380 1530
1137 1531
1042 1532
1132 1533
922 1534
1398 1535
339 1536
1382 1537
852 1538
296 1539
652 1540
1443 1541
748 1542
1008 1543
1251 1544
372 1545
151 1546
111 1547
154 1548
1047 1549
1152 1550
483 1551
703 1552
389 1553
639 1554
609 1555
1466 1556
824 1557
906 1558
1241 1559
1004 1560
591 1561
402 1562
1320 1563
1449 1564
827 1565
543 1566
442 1567
1260 1568
550 1569
70 1570
216 1571
601 1572
1038 1573
348 1574
1550 1575
376 1576
344 1577
1253 1578
1432 1579
1454 1580
643 1581
776 1582
477 1583
1259 1584
1012 1585
237 1586
473 1587
288 1588
451 1589
1094 1590
364 1591
355 1592
798 1593
1561 1594
1414 1595
779 1596
1267 1597
1114 1598
444 1599
1069 1600
180 1601
1207 1602
1328 1603
1406 1604
96 1605
603 1606
640 1607
636 1608
204 1609
633 1610
1405 1611
1529 1612
919 1613
201 1614
484 1615
1612 1616
889 1617
1481 1618
607 1619
1232 1620
828 1621
1399 1622
944 1623
739 1624
238 1625
1234 1626
1507 1627
512 1628
1351 1629
613 1630
637 1631
913 1632
94 1633
497 1634
679 1635
1153 1636
280 1637
1524 1638
495 1639
688 1640
343 1641
1281 1642
1434 1643
1400 1644
1618 1645
367 1646
109 1647
1422 1648
1548 1649
729 1650
1533 1651
1070 1652
879 1653
443 1654
1398 1655
1438 1656
63 1657
131 1658
312 1659
661 1660
312 1661
1634 1662
736 1663
1309 1664
1408 1665
327 1666
1417 1667
7 1668
103 1669
813 1670
1217 1671
1643 1672
469 1673
1244 1674
1102 1675
933 1676
1483 1677
598 1678
626 1679
786 1680
635 1681
1522 1682
1306 1683
607 1684
352 1685
1096 1686
558 1687
857 1688
668 1689
1165 1690
95 1691
1069 1692
440 1693
304 1694
599 1695
1072 1696
423 1697
969 1698
1059 1699
1694 1700
557 1701
617 1702
555 1703
552 1704
1360 1705
863 1706
1660 1707
459 1708
507 1709
1428 1710
463 1711
579 1712
82 1713
52 1714
437 1715
1238 1716
181 1717
311 1718
363 1719
618 1720
1396 1721
320 1722
368 1723
1101 1724
1087 1725
341 1726
524 1727
1095 1728
1323 1729
191 1730
1462 1731
583 1732
730 1733
755 1734
1335 1735
233 1736
936 1737
1478 1738
455 1739
1292 1740
400 1741
811 1742
1054 1743
428 1744
98 1745
464 1746
773 1747
139 1748
118 1749
1424 1750
862 1751
1310 1752
1245 1753
1712 1754
1190 1755
912 1756
91 1757
1581 1758
963 1759
288 1760
1020 1761
747 1762
1749 1763
744 1764
1211 1765
1338 1766
1306 1767
941 1768
941 1769
1326 1770
1187 1771
1568 1772
1017 1773
106 1774
1706 1775
72 1776
1053 1777
1085 1778
1454 1779
1126 1780
224 1781
547 1782
594 1783
1771 1784
1661 1785
610 1786
1062 1787
897 1788
268 1789
1780 1790
672 1791
972 1792
1370 1793
1589 1794
858 1795
524 1796
1252 1797
1559 1798
634 1799
1245 1800
966 1801
1448 1802
1243 1803
967 1804
1392 1805
1162 1806
154 1807
1734 1808
10 1809
892 1810
598 1811
651 1812
398 1813
880 1814
1475 1815
536 1816
119 1817
190 1818
1718 1819
1250 1820
544 1821
1304 1822
987 1823
1568 1824
733 1825
1096 1826
733 1827
1342 1828
429 1829
87 1830
1507 1831
979 1832
955 1833
1561 1834
707 1835
925 1836
1304 1837
1788 1838
886 1839
1556 1840
619 1841
696 1842
710 1843
325 1844
216 1845
708 1846
1043 1847
1182 1848
1028 1849
90 1850
897 1851
88 1852
485 1853
1551 1854
789 1855
329 1856
129 1857
1252 1858
240 1859
819 1860
55 1861
1509 1862
1094 1863
1136 1864
551 1865
1734 1866
183 1867
1123 1868
481 1869
1013 1870
640 1871
603 1872
263 1873
806 1874
1678 1875
254 1876
1668 1877
671 1878
994 1879
647 1880
1489 1881
712 1882
135 1883
529 1884
1646 1885
715 1886
1886 1887
283 1888
1662 1889
1553 1890
1534 1891
1217 1892
1794 1893
1686 1894
1511 1895
182 1896
472 1897
1067 1898
1071 1899
1636 1900
1412 1901
825 1902
1164 1903
947 1904
480 1905
1210 1906
1831 1907
889 1908
1819 1909
794 1910
1692 1911
1880 1912
292 1913
1873 1914
1350 1915
425 1916
930 1917
1512 1918
1907 1919
297 1920
33 1921
1247 1922
271 1923
1608 1924
60 1925
1655 1926
333 1927
145 1928
844 1929
1333 1930
600 1931
921 1932
1389 1933
782 1934
1175 1935
1365 1936
897 1937
58 1938
546 1939
313 1940
1571 1941
387 1942
1076 1943
1603 1944
1907 1945
1486 1946
1256 1947
1281 1948
1825 1949
304 1950
982 1951
1508 1952
1715 1953
379 1954
1792 1955
1601 1956
1304 1957
108 1958
316 1959
169 1960
1629 1961
934 1962
324 1963
862 1964
639 1965
1318 1966
37 1967
153 1968
908 1969
730 1970
1312 1971
117 1972
1651 1973
1015 1974
1457 1975
41 1976
186 1977
248 1978
604 1979
1917 1980
780 1981
1747 1982
724 1983
428 1984
602 1985
74 1986
309 1987
99 1988
1096 1989
543 1990
1956 1991
291 1992
1740 1993
1938 1994
984 1995
1174 1996
873 1997
806 1998
1967 1999
1476 2000
1326 2001
1372 2002
959 2003
825 2004
1265 2005
1657 2006
1538 2007
872 2008
1457 2009
1635 2010
1585 2011
1180 2012
1719 2013
284 2014
1622 2015
1963 2016
1415 2017
514 2018
1152 2019
898 2020
1893 2021
308 2022
130 2023
182 2024
1777 2025
86 2026
1540 2027
1278 2028
1853 2029
401 2030
713 2031
1784 2032
1567 2033
1171 2034
1164 2035
1934 2036
315 2037
1177 2038
986 2039
1033 2040
1853 2041
1300 2042
920 2043
131 2044
1389 2045
577 2046
273 2047
246 2048
1110 2049
2043 2050
730 2051
1960 2052
1885 2053
718 2054
697 2055
809 2056
2019 2057
1615 2058
1971 2059
1755 2060
1268 2061
928 2062
1760 2063
811 2064
507 2065
1195 2066
565 2067
1535 2068
1188 2069
493 2070
198 2071
100 2072
282 2073
1163 2074
718 2075
1551 2076
1145 2077
1297 2078
478 2079
1199 2080
1571 2081
713 2082
2029 2083
1006 2084
1493 2085
1491 2086
1619 2087
1371 2088
1764 2089
555 2090
852 2091
303 2092
835 2093
1171 2094
475 2095
1077 2096
1258 2097
66 2098
2095 2099
1951 2100
753 2101
489 2102
422 2103
1999 2104
696 2105
2038 2106
1031 2107
851 2108
998 2109
1466 2110
920 2111
1246 2112
1060 2113
1191 2114
345 2115
1724 2116
2086 2117
1242 2118
62 2119
1648 2120
1895 2121
630 2122
1283 2123
1273 2124
1362 2125
1976 2126
107 2127
763 2128
1717 2129
827 2130
1725 2131
124 2132
1085 2133
153 2134
1010 2135
852 2136
420 2137
2069 2138
2090 2139
949 2140
906 2141
1271 2142
427 2143
1640 2144
776 2145
126 2146
2129 2147
544 2148
1937 2149
505 2150
1599 2151
1440 2152
1634 2153
1488 2154
2010 2155
665 2156
271 2157
761 2158
52 2159
1747 2160
220 2161
1127 2162
1946 2163
661 2164
218 2165
859 2166
926 2167
696 2168
95 2169
1684 2170
718 2171
2053 2172
546 2173
1666 2174
163 2175
1252 2176
61 2177
2153 2178
349 2179
650 2180
1694 2181
533 2182
1744 2183
1053 2184
109 2185
513 2186
1445 2187
2144 2188
41 2189
1325 2190
164 2191
1767 2192
1506 2193
1299 2194
1164 2195
835 2196
1359 2197
1265 2198
1821 2199
1619 2200
614 2201
1167 2202
496 2203
2103 2204
219 2205
1360 2206
1869 2207
1824 2208
1813 2209
607 2210
2014 2211
755 2212
1340 2213
996 2214
1944 2215
1393 2216
1429 2217
1431 2218
2007 2219
453 2220
1198 2221
1 2222
877 2223
1742 2224
1205 2225
227 2226
473 2227
422 2228
2096 2229
1058 2230
472 2231
1795 2232
969 2233
1592 2234
761 2235
254 2236
748 2237
445 2238
1825 2239
323 2240
1638 2241
1218 2242
1188 2243
1497 2244
126 2245
739 2246
705 2247
1514 2248
1106 2249
140 2250
879 2251
129 2252
2068 2253
119 2254
1707 2255
632 2256
2191 2257
1131 2258
673 2259
1631 2260
1040 2261
1182 2262
43 2263
772 2264
1091 2265
2257 2266
985 2267
455 2268
894 2269
1789 2270
972 2271
1945 2272
905 2273
687 2274
688 2275
1160 2276
70 2277
661 2278
831 2279
1467 2280
582 2281
306 2282
2183 2283
385 2284
207 2285
650 2286
324 2287
630 2288
800 2289
411 2290
680 2291
2191 2292
1353 2293
1029 2294
1662 2295
1508 2296
330 2297
1641 2298
558 2299
1430 2300
1763 2301
1761 2302
342 2303
1989 2304
1094 2305
632 2306
2236 2307
1216 2308
12 2309
307 2310
1045 2311
1608 2312
1846 2313
430 2314
1274 2315
1128 2316
786 2317
2138 2318
822 2319
531 2320
2249 2321
604 2322
1522 2323
82 2324
904 2325
2101 2326
416 2327
449 2328
1166 2329
652 2330
2212 2331
1115 2332
1921 2333
710 2334
1712 2335
1791 2336
1656 2337
1421 2338
635 2339
1650 2340
2263 2341
233 2342
1728 2343
894 2344
1435 2345
1375 2346
214 2347
1505 2348
2287 2349
405 2350
998 2351
1400 2352
1816 2353
61 2354
349 2355
2253 2356
203 2357
1363 2358
1212 2359
1713 2360
1917 2361
851 2362
1554 2363
1281 2364
698 2365
42 2366
2229 2367
428 2368
1593 2369
626 2370
1775 2371
1938 2372
892 2373
714 2374
1744 2375
422 2376
669 2377
1803 2378
1499 2379
2081 2380
2292 2381
2072 2382
568 2383
2177 2384
279 2385
392 2386
652 2387
2019 2388
1050 2389
641 2390
2273 2391
1684 2392
140 2393
14 2394
1226 2395
2009 2396
30 2397
2322 2398
1444 2399
1030 2400
195 2401
1229 2402
486 2403
1954 2404
1575 2405
1182 2406
1465 2407
1961 2408
1530 2409
689 2410
596 2411
1598 2412
644 2413
913 2414
28 2415
1313 2416
110 2417
1262 2418
682 2419
2244 2420
2270 2421
2297 2422
453 2423
563 2424
1308 2425
365 2426
500 2427
696 2428
1161 2429
309 2430
2195 2431
222 2432
1923 2433
1111 2434
1467 2435
1718 2436
1869 2437
76 2438
246 2439
1513 2440
2072 2441
727 2442
1672 2443
1554 2444
840 2445
1986 2446
170 2447
2402 2448
282 2449
797 2450
794 2451
109 2452
115 2453
63 2454
1033 2455
1929 2456
1646 2457
164 2458
2389 2459
1192 2460
213 2461
862 2462
548 2463
1842 2464
275 2465
1871 2466
2284 2467
481 2468
335 2469
1020 2470
1291 2471
1384 2472
1184 2473
2074 2474
1090 2475
410 2476
1058 2477
441 2478
323 2479
667 2480
261 2481
1467 2482
2260 2483
1066 2484
2051 2485
727 2486
1954 2487
490 2488
1674 2489
1524 2490
662 2491
1160 2492
43 2493
1448 2494
295 2495
2016 2496
547 2497
857 2498
1106 2499
1163 2500
2217 2501
1739 2502
1361 2503
2043 2504
1919 2505
2484 2506
123 2507
2356 2508
2360 2509
1057 2510
982 2511
1198 2512
559 2513
2076 2514
30 2515
2388 2516
2053 2517
649 2518
1538 2519
1133 2520
854 2521
126 2522
2089 2523
2233 2524
951 2525
762 2526
1984 2527
1297 2528
2408 2529
462 2530
1263 2531
932 2532
1600 2533
2398 2534
2440 2535
1205 2536
231 2537
1516 2538
1547 2539
1482 2540
266 2541
1350 2542
2184 2543
1072 2544
1773 2545
1692 2546
155 2547
763 2548
833 2549
2101 2550
1458 2551
1645 2552
842 2553
334 2554
2541 2555
723 2556
2424 2557
519 2558
1865 2559
2036 2560
2087 2561
2484 2562
745 2563
734 2564
146 2565
1214 2566
1966 2567
1745 2568
28 2569
66 2570
1979 2571
444 2572
1698 2573
44 2574
1149 2575
416 2576
1470 2577
1129 2578
1464 2579
1479 2580
2349 2581
1488 2582
552 2583
929 2584
1697 2585
1050 2586
1752 2587
1601 2588
270 2589
281 2590
326 2591
1610 2592
20 2593
1827 2594
1611 2595
1574 2596
1037 2597
1582 2598
2510 2599
1996 2600
1894 2601
580 2602
1921 2603
1138 2604
1615 2605
830 2606
525 2607
344 2608
764 2609
662 2610
1561 2611
369 2612
947 2613
328 2614
257 2615
2442 2616
2129 2617
1371 2618
1759 2619
1021 2620
284 2621
1770 2622
2297 2623
255 2624
2447 2625
573 2626
1177 2627
1139 2628
365 2629
2393 2630
42 2631
1615 2632
2336 2633
248 2634
400 2635
523 2636
427 2637
851 2638
818 2639
2264 2640
263 2641
1073 2642
209 2643
2392 2644
1054 2645
2537 2646
1477 2647
100 2648
2461 2649
2558 2650
895 2651
2449 2652
229 2653
994 2654
674 2655
1672 2656
1564 2657
147 2658
1271 2659
1226 2660
2501 2661
1685 2662
1347 2663
897 2664
1017 2665
2395 2666
10 2667
800 2668
2114 2669
1538 2670
1451 2671
1790 2672
819 2673
1897 2674
2155 2675
1332 2676
2178 2677
1894 2678
1491 2679
694 2680
285 2681
172 2682
1625 2683
714 2684
2674 2685
235 2686
2058 2687
1016 2688
1780 2689
1365 2690
2104 2691
45 2692
2513 2693
1444 2694
922 2695
635 2696
2593 2697
1482 2698
1219 2699
58 2700
2048 2701
998 2702
1519 2703
1520 2704
1919 2705
691 2706
1325 2707
1919 2708
2618 2709
737 2710
2094 2711
1155 2712
462 2713
2480 2714
819 2715
1685 2716
330 2717
447 2718
377 2719
1037 2720
741 2721
2017 2722
1012 2723
1577 2724
1989 2725
1099 2726
2561 2727
914 2728
1994 2729
989 2730
1216 2731
471 2732
1726 2733
1562 2734
435 2735
831 2736
562 2737
2668 2738
574 2739
488 2740
306 2741
50 2742
1450 2743
2679 2744
781 2745
455 2746
1017 2747
2732 2748
1563 2749
186 2750
48 2751
61 2752
2450 2753
2023 2754
10 2755
988 2756
658 2757
1390 2758
584 2759
1951 2760
886 2761
6 2762
1303 2763
2309 2764
1893 2765
910 2766
1273 2767
856 2768
2292 2769
763 2770
1272 2771
1275 2772
2508 2773
1319 2774
754 2775
1051 2776
2688 2777
1526 2778
1838 2779
1163 2780
1656 2781
949 2782
691 2783
1820 2784
62 2785
1018 2786
80 2787
152 2788
1130 2789
1641 2790
763 2791
1605 2792
376 2793
2383 2794
2590 2795
984 2796
1526 2797
2427 2798
1865 2799
78 2800
684 2801
816 2802
2599 2803
1496 2804
2491 2805
755 2806
1699 2807
544 2808
1989 2809
2736 2810
2472 2811
2662 2812
1888 2813
1069 2814
13 2815
2796 2816
292 2817
1061 2818
1379 2819
1276 2820
927 2821
1795 2822
608 2823
463 2824
954 2825
1149 2826
1459 2827
2672 2828
800 2829
754 2830
2409 2831
739 2832
1475 2833
1919 2834
1178 2835
181 2836
117 2837
132 2838
955 2839
1229 2840
2663 2841
495 2842
2150 2843
2594 2844
378 2845
2440 2846
494 2847
216 2848
2761 2849
2087 2850
2137 2851
15 2852
2493 2853
973 2854
1170 2855
2153 2856
608 2857
2482 2858
1621 2859
1480 2860
520 2861
69 2862
1314 2863
1837 2864
1662 2865
2103 2866
2286 2867
1545 2868
446 2869
70 2870
1411 2871
2352 2872
1520 2873
467 2874
2501 2875
2724 2876
587 2877
2317 2878
60 2879
1594 2880
1974 2881
2536 2882
6 2883
19 2884
1636 2885
529 2886
1042 2887
282 2888
470 2889
1398 2890
1562 2891
599 2892
762 2893
242 2894
2584 2895
2648 2896
1113 2897
335 2898
37 2899
929 2900
2607 2901
33 2902
2718 2903
1536 2904
1431 2905
1053 2906
2546 2907
2256 2908
665 2909
2278 2910
1140 2911
1366 2912
2463 2913
2253 2914
2701 2915
466 2916
107 2917
528 2918
2297 2919
2389 2920
1525 2921
1242 2922
93 2923
142 2924
2290 2925
402 2926
2648 2927
2765 2928
1757 2929
2491 2930
1260 2931
778 2932
1401 2933
2834 2934
43 2935
2245 2936
1607 2937
553 2938
1642 2939
2582 2940
974 2941
2103 2942
1580 2943
617 2944
1334 2945
2083 2946
2456 2947
1709 2948
524 2949
2873 2950
2596 2951
648 2952
2236 2953
661 2954
1203 2955
198 2956
115 2957
2898 2958
2633 2959
2721 2960
533 2961
2642 2962
1438 2963
859 2964
90 2965
2932 2966
2487 2967
247 2968
839 2969
2577 2970
2415 2971
1833 2972
1344 2973
2155 2974
1977 2975
2072 2976
843 2977
2498 2978
308 2979
2608 2980
2387 2981
2651 2982
392 2983
2293 2984
547 2985
608 2986
1789 2987
2032 2988
1823 2989
1399 2990
2753 2991
2134 2992
552 2993
2383 2994
1407 2995
696 2996
1578 2997
2761 2998
562 2999
343 3000
126 3001
37 3002
2778 3003
966 3004
2317 3005
1219 3006
2414 3007
2003 3008
2330 3009
1887 3010
2841 3011
2295 3012
2431 3013
2955 3014
1644 3015
2254 3016
578 3017
1911 3018
329 3019
302 3020
2779 3021
579 3022
1963 3023
1039 3024
2278 3025
2765 3026
1014 3027
485 3028
2932 3029
1010 3030
1482 3031
1062 3032
2929 3033
687 3034
1347 3035
1642 3036
1173 3037
1153 3038
906 3039
2906 3040
2459 3041
2278 3042
1919 3043
1529 3044
2070 3045
2896 3046
2155 3047
2353 3048
2927 3049
2604 3050
1887 3051
703 3052
480 3053
1091 3054
1820 3055
278 3056
2928 3057
2372 3058
2545 3059
1443 3060
756 3061
870 3062
2768 3063
811 3064
2370 3065
2538 3066
1983 3067
2069 3068
2965 3069
472 3070
2234 3071
87 3072
651 3073
3 3074
2603 3075
537 3076
1295 3077
2923 3078
2475 3079
1145 3080
520 3081
1320 3082
775 3083
2777 3084
1998 3085
1551 3086
1493 3087
2001 3088
692 3089
2634 3090
2636 3091
2702 3092
450 3093
2821 3094
343 3095
1362 3096
816 3097
1564 3098
525 3099
217 3100
2634 3101
3085 3102
43 3103
880 3104
1553 3105
2817 3106
2995 3107
2360 3108
1041 3109
1288 3110
2177 3111
2220 3112
892 3113
2075 3114
2885 3115
1653 3116
2088 3117
2609 3118
3104 3119
2759 3120
208 3121
854 3122
2196 3123
1613 3124
973 3125
3116 3126
1353 3127
1165 3128
767 3129
2574 3130
2643 3131
1817 3132
406 3133
2947 3134
1382 3135
2834 3136
1116 3137
1405 3138
2624 3139
2561 3140
2567 3141
197 3142
1392 3143
1782 3144
2407 3145
1559 3146
1550 3147
308 3148
836 3149
2707 3150
628 3151
911 3152
123 3153
2468 3154
1810 3155
1592 3156
1145 3157
2426 3158
634 3159
1030 3160
1278 3161
1923 3162
465 3163
3052 3164
265 3165
238 3166
1444 3167
746 3168
873 3169
1830 3170
2044 3171
2674 3172
2731 3173
1351 3174
685 3175
1296 3176
138 3177
2068 3178
2259 3179
1300 3180
3100 3181
337 3182
1002 3183
534 3184
1859 3185
1514 3186
2374 3187
1352 3188
2544 3189
3064 3190
2700 3191
1772 3192
120 3193
1769 3194
554 3195
2267 3196
1888 3197
631 3198
297 3199
2856 3200
1644 3201
2506 3202
570 3203
1398 3204
125 3205
2247 3206
337 3207
131 3208
3112 3209
1513 3210
504 3211
1087 3212
2449 3213
2193 3214
1341 3215
2874 3216
59 3217
868 3218
1961 3219
1004 3220
2852 3221
2539 3222
2712 3223
566 3224
222 3225
551 3226
2959 3227
1733 3228
824 3229
117 3230
308 3231
2647 3232
3230 3233
2565 3234
632 3235
2685 3236
1087 3237
1403 3238
169 3239
1956 3240
2753 3241
1292 3242
1527 3243
104 3244
552 3245
1647 3246
1486 3247
3142 3248
1265 3249
1406 3250
1934 3251
3106 3252
1986 3253
1235 3254
599 3255
2444 3256
1365 3257
1770 3258
760 3259
1213 3260
3116 3261
3256 3262
575 3263
781 3264
1048 3265
1469 3266
114 3267
2811 3268
2979 3269
1535 3270
565 3271
3068 3272
2919 3273
1266 3274
2665 3275
1758 3276
3164 3277
2475 3278
195 3279
3037 3280
1677 3281
1019 3282
1036 3283
2912 3284
2332 3285
770 3286
3021 3287
611 3288
9 3289
145 3290
2954 3291
1806 3292
208 3293
2134 3294
1318 3295
1751 3296
835 3297
1118 3298
1819 3299
2350 3300
3284 3301
2198 3302
2072 3303
2311 3304
311 3305
1707 3306
2874 3307
564 3308
1885 3309
97 3310
2934 3311
2130 3312
993 3313
2940 3314
502 3315
1074 3316
1856 3317
3044 3318
960 3319
204 3320
2912 3321
1334 3322
1744 3323
34 3324
545 3325
1052 3326
541 3327
2231 3328
199 3329
3211 3330
2328 3331
1744 3332
3169 3333
1986 3334
1590 3335
2637 3336
904 3337
2123 3338
1384 3339
195 3340
2182 3341
2988 3342
2739 3343
538 3344
738 3345
856 3346
890 3347
1062 3348
810 3349
559 3350
307 3351
1699 3352
2197 3353
115 3354
1187 3355
2259 3356
2363 3357
1679 3358
3235 3359
3198 3360
805 3361
897 3362
1799 3363
1571 3364
2308 3365
566 3366
2509 3367
411 3368
316 3369
3281 3370
830 3371
2289 3372
2818 3373
3233 3374
1060 3375
3327 3376
2793 3377
3323 3378
2164 3379
2159 3380
2259 3381
2723 3382
452 3383
2988 3384
2306 3385
2884 3386
498 3387
2008 3388
785 3389
2364 3390
881 3391
2862 3392
336 3393
518 3394
2057 3395
132 3396
3285 3397
2406 3398
1529 3399
1729 3400
1429 3401
2577 3402
2895 3403
1015 3404
2410 3405
1247 3406
847 3407
2663 3408
1669 3409
922 3410
3247 3411
3361 3412
749 3413
3264 3414
1745 3415
139 3416
33 3417
1109 3418
564 3419
2565 3420
112 3421
279 3422
2230 3423
770 3424
3177 3425
3358 3426
1488 3427
3273 3428
1971 3429
2032 3430
2802 3431
1944 3432
2746 3433
680 3434
2359 3435
3009 3436
1081 3437
2400 3438
422 3439
240 3440
2831 3441
2132 3442
178 3443
805 3444
2082 3445
1005 3446
1580 3447
1273 3448
1601 3449
1886 3450
2615 3451
1803 3452
640 3453
344 3454
699 3455
302 3456
1233 3457
143 3458
2753 3459
2240 3460
2884 3461
2014 3462
1648 3463
2340 3464
393 3465
116 3466
846 3467
1628 3468
2790 3469
1384 3470
1440 3471
2164 3472
1078 3473
2269 3474
2509 3475
2476 3476
2568 3477
2439 3478
1396 3479
58 3480
1046 3481
2635 3482
1665 3483
2186 3484
1525 3485
58 3486
552 3487
3294 3488
66 3489
789 3490
3130 3491
1715 3492
3421 3493
699 3494
369 3495
2161 3496
391 3497
3101 3498
890 3499
1640 3500
1612 3501
1005 3502
3172 3503
3242 3504
1845 3505
2962 3506
1770 3507
1707 3508
1545 3509
711 3510
105 3511
1307 3512
1059 3513
2446 3514
359 3515
1809 3516
192 3517
1143 3518
303 3519
311 3520
65 3521
3134 3522
345 3523
2844 3524
2288 3525
1336 3526
2292 3527
1518 3528
1018 3529
1168 3530
1870 3531
2872 3532
2320 3533
1876 3534
507 3535
625 3536
3167 3537
1894 3538
2574 3539
1015 3540
3310 3541
832 3542
850 3543
1435 3544
2384 3545
2907 3546
1469 3547
3067 3548
2117 3549
1004 3550
3067 3551
3131 3552
349 3553
333 3554
330 3555
751 3556
1223 3557
2413 3558
691 3559
1719 3560
2497 3561
2591 3562
1308 3563
3208 3564
3115 3565
123 3566
1140 3567
1784 3568
1854 3569
3484 3570
3423 3571
2833 3572
2350 3573
1000 3574
676 3575
2004 3576
892 3577
822 3578
1217 3579
2255 3580
901 3581
1769 3582
2287 3583
1236 3584
916 3585
373 3586
781 3587
608 3588
1834 3589
377 3590
3443 3591
1205 3592
2803 3593
3553 3594
1392 3595
1993 3596
454 3597
1003 3598
1382 3599
2692 3600
2767 3601
2611 3602
1410 3603
3254 3604
2809 3605
2591 3606
1595 3607
336 3608
1079 3609
1659 3610
2492 3611
1339 3612
2676 3613
2609 3614
1324 3615
1059 3616
1326 3617
1843 3618
3195 3619
696 3620
803 3621
1746 3622
476 3623
3487 3624
725 3625
2472 3626
1827 3627
159 3628
484 3629
3115 3630
127 3631
50 3632
2244 3633
1841 3634
1223 3635
678 3636
1185 3637
999 3638
313 3639
2471 3640
3061 3641
3218 3642
1711 3643
2652 3644
2160 3645
2148 3646
2433 3647
2493 3648
753 3649
3610 3650
3152 3651
1170 3652
2610 3653
1453 3654
537 3655
1508 3656
2319 3657
2840 3658
2373 3659
2545 3660
3299 3661
285 3662
3493 3663
3076 3664
3101 3665
1894 3666
352 3667
1421 3668
2026 3669
1291 3670
911 3671
2577 3672
2743 3673
1628 3674
3179 3675
2246 3676
21 3677
2115 3678
3668 3679
2829 3680
36 3681
2244 3682
1530 3683
1941 3684
2446 3685
528 3686
2842 3687
1695 3688
3444 3689
257 3690
2274 3691
1134 3692
32 3693
3569 3694
3646 3695
2388 3696
1906 3697
2881 3698
907 3699
998 3700
2767 3701
157 3702
1306 3703
243 3704
1288 3705
3166 3706
2197 3707
1370 3708
161 3709
563 3710
211 3711
191 3712
756 3713
423 3714
3448 3715
2781 3716
3044 3717
2482 3718
890 3719
177 3720
2815 3721
1279 3722
65 3723
2965 3724
735 3725
710 3726
95 3727
1014 3728
3552 3729
3086 3730
584 3731
1002 3732
854 3733
568 3734
1197 3735
1660 3736
3191 3737
2010 3738
298 3739
908 3740
625 3741
2018 3742
1153 3743
3561 3744
525 3745
3594 3746
2684 3747
2772 3748
670 3749
3393 3750
2413 3751
2719 3752
494 3753
2336 3754
270 3755
2053 3756
1018 3757
2273 3758
2776 3759
444 3760
1629 3761
1352 3762
3458 3763
2184 3764
1082 3765
3418 3766
3195 3767
2545 3768
3277 3769
1248 3770
1481 3771
1687 3772
868 3773
2631 3774
810 3775
2722 3776
1059 3777
1770 3778
3096 3779
632 3780
3646 3781
1980 3782
1810 3783
3731 3784
1447 3785
2819 3786
700 3787
3158 3788
915 3789
29 3790
434 3791
3287 3792
1333 3793
1175 3794
3049 3795
3178 3796
9 3797
697 3798
3607 3799
1438 3800
1468 3801
3452 3802
652 3803
201 3804
1569 3805
2542 3806
196 3807
531 3808
2509 3809
508 3810
2183 3811
2919 3812
2980 3813
2277 3814
821 3815
213 3816
2660 3817
3673 3818
1068 3819
1802 3820
1491 3821
3566 3822
2774 3823
406 3824
853 3825
73 3826
2322 3827
1682 3828
158 3829
2390 3830
3480 3831
2372 3832
1809 3833
693 3834
3599 3835
1608 3836
3655 3837
2316 3838
3535 3839
204 3840
2370 3841
2300 3842
2378 3843
3361 3844
2283 3845
896 3846
1450 3847
2021 3848
2391 3849
3734 3850
3718 3851
765 3852
1451 3853
3354 3854
1921 3855
874 3856
521 3857
1184 3858
1950 3859
1256 3860
1734 3861
970 3862
1097 3863
1203 3864
1314 3865
1548 3866
2018 3867
1702 3868
2691 3869
2244 3870
2972 3871
2454 3872
935 3873
1813 3874
937 3875
3126 3876
1896 3877
1179 3878
2800 3879
2797 3880
1609 3881
1435 3882
3865 3883
69 3884
362 3885
3455 3886
2949 3887
2942 3888
1642 3889
1294 3890
2417 3891
111 3892
2950 3893
1523 3894
2974 3895
102 3896
3307 3897
3756 3898
3115 3899
1971 3900
3417 3901
3585 3902
343 3903
3268 3904
1262 3905
295 3906
2406 3907
962 3908
3425 3909
3382 3910
1501 3911
964 3912
1445 3913
1692 3914
585 3915
3861 3916
975 3917
3436 3918
3484 3919
2526 3920
1216 3921
2427 3922
1635 3923
1813 3924
3103 3925
260 3926
2986 3927
2583 3928
863 3929
79 3930
2549 3931
1617 3932
3143 3933
2857 3934
920 3935
2258 3936
706 3937
2177 3938
355 3939
2884 3940
295 3941
3710 3942
343 3943
2594 3944
102 3945
3062 3946
2079 3947
2570 3948
1741 3949
2997 3950
2415 3951
2198 3952
2011 3953
2200 3954
1550 3955
3466 3956
1837 3957
2917 3958
1244 3959
2002 3960
2758 3961
1016 3962
334 3963
540 3964
3921 3965
2818 3966
2083 3967
183 3968
1565 3969
137 3970
799 3971
1526 3972
3846 3973
253 3974
424 3975
1530 3976
1823 3977
2353 3978
3925 3979
1320 3980
1704 3981
1334 3982
2541 3983
813 3984
3942 3985
2432 3986
660 3987
2608 3988
328 3989
2175 3990
3473 3991
748 3992
2643 3993
3109 3994
3243 3995
1602 3996
2910 3997
1406 3998
1405 3999
105 4000
