1 2
2 3
1 4
1 5
1 6
4 7
3 8
7 9
7 10
1 11
10 12
5 13
1 14
3 15
1 16
10 17
13 18
14 19
10 20
2 21
17 22
7 23
14 24
2 25
18 26
11 27
18 28
14 29
16 30
27 31
6 32
25 33
12 34
33 35
1 36
34 37
23 38
37 39
38 40
7 41
18 42
28 43
7 44
21 45
36 46
18 47
8 48
30 49
22 50
11 51
1 52
28 53
21 54
30 55
24 56
14 57
29 58
48 59
6 60
47 61
29 62
62 63
29 64
52 65
34 66
20 67
64 68
22 69
35 70
39 71
37 72
57 73
19 74
21 75
11 76
14 77
40 78
45 79
4 80
64 81
4 82
11 83
82 84
72 85
53 86
13 87
50 88
17 89
51 90
35 91
37 92
66 93
9 94
45 95
59 96
65 97
67 98
49 99
82 100
24 101
79 102
52 103
84 104
65 105
63 106
74 107
50 108
67 109
55 110
30 111
3 112
31 113
41 114
99 115
50 116
110 117
7 118
31 119
22 120
21 121
73 122
71 123
65 124
72 125
42 126
68 127
55 128
91 129
102 130
65 131
121 132
44 133
100 134
62 135
8 136
9 137
92 138
15 139
112 140
78 141
50 142
35 143
77 144
107 145
118 146
66 147
27 148
116 149
26 150
59 151
25 152
109 153
142 154
67 155
21 156
147 157
114 158
51 159
3 160
141 161
130 162
10 163
76 164
72 165
78 166
85 167
91 168
92 169
11 170
130 171
6 172
146 173
60 174
32 175
163 176
79 177
112 178
118 179
145 180
147 181
108 182
114 183
121 184
120 185
20 186
35 187
24 188
154 189
136 190
173 191
186 192
179 193
187 194
178 195
14 196
50 197
158 198
90 199
88 200
136 201
66 202
90 203
5 204
85 205
115 206
120 207
101 208
102 209
133 210
87 211
117 212
167 213
97 214
159 215
39 216
175 217
80 218
27 219
71 220
125 221
27 222
16 223
202 224
157 225
99 226
124 227
119 228
194 229
121 230
65 231
55 232
80 233
3 234
91 235
137 236
217 237
65 238
188 239
127 240
133 241
25 242
83 243
79 244
196 245
120 246
77 247
12 248
131 249
84 250
173 251
40 252
185 253
123 254
136 255
87 256
92 257
97 258
61 259
154 260
5 261
80 262
144 263
117 264
22 265
190 266
243 267
78 268
144 269
218 270
26 271
69 272
166 273
215 274
251 275
171 276
210 277
214 278
101 279
59 280
148 281
230 282
44 283
127 284
200 285
153 286
257 287
34 288
9 289
249 290
22 291
192 292
105 293
74 294
228 295
132 296
193 297
249 298
184 299
132 300
121 301
31 302
250 303
271 304
40 305
140 306
112 307
38 308
283 309
113 310
29 311
110 312
80 313
207 314
129 315
222 316
216 317
308 318
72 319
40 320
233 321
138 322
139 323
1 324
310 325
146 326
266 327
298 328
227 329
12 330
289 331
204 332
117 333
309 334
328 335
262 336
167 337
265 338
56 339
223 340
132 341
20 342
288 343
303 344
80 345
326 346
247 347
27 348
265 349
277 350
248 351
156 352
228 353
91 354
6 355
323 356
64 357
126 358
200 359
93 360
144 361
91 362
235 363
104 364
248 365
351 366
115 367
331 368
310 369
102 370
44 371
219 372
4 373
214 374
57 375
373 376
355 377
56 378
71 379
111 380
250 381
92 382
247 383
295 384
100 385
143 386
12 387
284 388
323 389
158 390
262 391
298 392
390 393
92 394
162 395
350 396
85 397
186 398
292 399
158 400
136 401
329 402
336 403
338 404
219 405
171 406
160 407
300 408
305 409
75 410
330 411
252 412
220 413
59 414
223 415
193 416
277 417
267 418
211 419
298 420
304 421
51 422
182 423
354 424
282 425
344 426
395 427
172 428
422 429
146 430
392 431
383 432
282 433
123 434
144 435
46 436
312 437
227 438
321 439
48 440
39 441
57 442
379 443
297 444
327 445
337 446
260 447
78 448
187 449
128 450
342 451
263 452
22 453
19 454
5 455
121 456
379 457
72 458
202 459
358 460
283 461
118 462
141 463
288 464
443 465
231 466
2 467
253 468
32 469
334 470
129 471
128 472
205 473
255 474
180 475
155 476
111 477
57 478
360 479
229 480
338 481
366 482
89 483
93 484
463 485
195 486
161 487
306 488
315 489
433 490
414 491
479 492
387 493
490 494
268 495
478 496
327 497
205 498
165 499
127 500
