1 2
2 3
1 4
3 5
4 6
4 7
2 8
8 9
4 10
7 11
9 12
11 13
10 14
1 15
1 16
2 17
1 18
4 19
7 20
4 21
20 22
5 23
7 24
4 25
6 26
18 27
12 28
3 29
23 30
10 31
4 32
29 33
10 34
21 35
15 36
22 37
9 38
26 39
11 40
3 41
17 42
38 43
28 44
25 45
6 46
11 47
21 48
24 49
15 50
1 51
21 52
15 53
48 54
8 55
14 56
33 57
11 58
4 59
23 60
48 61
1 62
13 63
41 64
31 65
25 66
57 67
52 68
45 69
6 70
24 71
23 72
34 73
63 74
9 75
26 76
43 77
4 78
40 79
24 80
22 81
45 82
67 83
80 84
48 85
60 86
5 87
74 88
12 89
47 90
29 91
28 92
78 93
27 94
27 95
69 96
37 97
22 98
35 99
52 100
98 101
62 102
30 103
85 104
63 105
94 106
105 107
103 108
15 109
39 110
36 111
9 112
20 113
67 114
114 115
12 116
81 117
35 118
100 119
9 120
51 121
30 122
15 123
50 124
78 125
57 126
47 127
106 128
127 129
48 130
27 131
64 132
20 133
34 134
126 135
120 136
80 137
63 138
84 139
23 140
48 141
44 142
71 143
35 144
108 145
144 146
93 147
20 148
3 149
95 150
145 151
121 152
132 153
78 154
85 155
65 156
37 157
150 158
108 159
22 160
85 161
157 162
108 163
75 164
50 165
29 166
7 167
9 168
132 169
72 170
147 171
140 172
83 173
108 174
8 175
126 176
16 177
86 178
115 179
83 180
172 181
165 182
13 183
72 184
103 185
112 186
91 187
35 188
18 189
97 190
49 191
51 192
120 193
93 194
84 195
22 196
138 197
126 198
155 199
151 200
33 201
158 202
75 203
54 204
42 205
34 206
39 207
117 208
140 209
26 210
196 211
29 212
200 213
166 214
180 215
142 216
195 217
89 218
167 219
214 220
82 221
11 222
60 223
142 224
91 225
99 226
36 227
42 228
5 229
27 230
46 231
7 232
48 233
74 234
143 235
91 236
12 237
160 238
115 239
183 240
182 241
175 242
40 243
67 244
233 245
198 246
28 247
71 248
101 249
104 250
231 251
189 252
187 253
21 254
244 255
233 256
199 257
202 258
93 259
99 260
24 261
229 262
80 263
15 264
5 265
112 266
103 267
18 268
154 269
77 270
246 271
169 272
259 273
149 274
124 275
132 276
194 277
79 278
235 279
103 280
214 281
83 282
250 283
281 284
218 285
160 286
146 287
34 288
149 289
181 290
265 291
182 292
78 293
81 294
131 295
125 296
179 297
296 298
217 299
96 300
209 301
206 302
26 303
80 304
159 305
234 306
117 307
279 308
87 309
309 310
233 311
264 312
292 313
68 314
24 315
157 316
84 317
162 318
122 319
91 320
115 321
147 322
111 323
321 324
119 325
304 326
273 327
158 328
156 329
230 330
108 331
226 332
290 333
243 334
49 335
305 336
11 337
71 338
11 339
120 340
114 341
313 342
8 343
101 344
212 345
93 346
11 347
194 348
165 349
235 350
71 351
20 352
116 353
332 354
218 355
250 356
143 357
119 358
139 359
149 360
140 361
75 362
297 363
178 364
190 365
218 366
208 367
177 368
133 369
128 370
272 371
240 372
35 373
153 374
229 375
248 376
333 377
120 378
226 379
360 380
317 381
104 382
183 383
365 384
354 385
202 386
61 387
144 388
57 389
50 390
152 391
154 392
223 393
373 394
232 395
307 396
288 397
182 398
18 399
170 400
110 401
107 402
130 403
302 404
198 405
113 406
127 407
90 408
371 409
96 410
164 411
24 412
34 413
178 414
28 415
351 416
82 417
260 418
294 419
260 420
262 421
353 422
203 423
320 424
69 425
366 426
274 427
355 428
227 429
84 430
355 431
316 432
70 433
103 434
68 435
259 436
393 437
6 438
62 439
359 440
148 441
424 442
352 443
59 444
108 445
195 446
284 447
303 448
412 449
418 450
332 451
318 452
302 453
73 454
288 455
137 456
131 457
198 458
288 459
439 460
212 461
116 462
387 463
98 464
95 465
233 466
174 467
86 468
209 469
381 470
394 471
334 472
150 473
402 474
409 475
434 476
136 477
197 478
280 479
286 480
417 481
396 482
194 483
332 484
204 485
208 486
383 487
107 488
266 489
373 490
238 491
443 492
186 493
23 494
151 495
216 496
245 497
32 498
440 499
452 500
266 501
274 502
201 503
87 504
446 505
388 506
254 507
230 508
224 509
142 510
64 511
163 512
213 513
433 514
102 515
252 516
60 517
267 518
389 519
17 520
380 521
150 522
45 523
300 524
420 525
164 526
64 527
488 528
247 529
27 530
266 531
130 532
61 533
242 534
245 535
318 536
19 537
27 538
461 539
301 540
381 541
131 542
114 543
274 544
505 545
426 546
506 547
44 548
345 549
310 550
205 551
545 552
189 553
15 554
465 555
38 556
400 557
3 558
322 559
161 560
304 561
519 562
304 563
316 564
6 565
347 566
180 567
470 568
18 569
264 570
180 571
520 572
48 573
370 574
89 575
431 576
183 577
62 578
534 579
287 580
11 581
177 582
188 583
421 584
484 585
197 586
410 587
237 588
15 589
380 590
465 591
311 592
270 593
157 594
442 595
414 596
336 597
595 598
150 599
357 600
367 601
437 602
197 603
383 604
372 605
555 606
491 607
456 608
126 609
339 610
182 611
217 612
311 613
278 614
48 615
31 616
136 617
466 618
181 619
580 620
347 621
2 622
310 623
388 624
572 625
381 626
416 627
323 628
404 629
292 630
573 631
356 632
138 633
162 634
42 635
409 636
551 637
622 638
132 639
469 640
34 641
292 642
85 643
125 644
481 645
205 646
278 647
314 648
482 649
236 650
601 651
597 652
101 653
216 654
498 655
344 656
158 657
185 658
56 659
306 660
407 661
647 662
75 663
531 664
135 665
369 666
595 667
10 668
192 669
400 670
568 671
135 672
109 673
432 674
564 675
159 676
357 677
520 678
93 679
618 680
132 681
406 682
510 683
631 684
653 685
131 686
604 687
435 688
353 689
137 690
101 691
295 692
457 693
491 694
428 695
180 696
666 697
446 698
199 699
313 700
160 701
631 702
2 703
29 704
659 705
187 706
33 707
71 708
491 709
471 710
151 711
234 712
592 713
707 714
657 715
41 716
352 717
588 718
10 719
602 720
583 721
359 722
564 723
504 724
321 725
723 726
376 727
491 728
561 729
40 730
584 731
35 732
552 733
685 734
22 735
384 736
266 737
97 738
630 739
38 740
355 741
188 742
589 743
138 744
64 745
674 746
488 747
168 748
26 749
475 750
245 751
278 752
728 753
203 754
532 755
427 756
362 757
429 758
315 759
3 760
513 761
541 762
709 763
505 764
16 765
438 766
603 767
151 768
489 769
328 770
705 771
108 772
297 773
507 774
657 775
111 776
408 777
453 778
720 779
27 780
585 781
267 782
256 783
709 784
366 785
374 786
129 787
29 788
302 789
786 790
413 791
103 792
580 793
89 794
113 795
503 796
685 797
494 798
372 799
625 800
232 801
497 802
612 803
672 804
8 805
519 806
409 807
551 808
241 809
371 810
588 811
139 812
302 813
344 814
458 815
57 816
252 817
443 818
746 819
743 820
801 821
721 822
577 823
646 824
385 825
812 826
31 827
83 828
207 829
769 830
503 831
812 832
299 833
89 834
640 835
197 836
514 837
539 838
165 839
647 840
680 841
658 842
479 843
223 844
681 845
684 846
323 847
61 848
680 849
760 850
335 851
180 852
569 853
274 854
349 855
484 856
308 857
394 858
723 859
263 860
619 861
33 862
20 863
165 864
266 865
230 866
784 867
581 868
363 869
166 870
798 871
374 872
200 873
6 874
98 875
523 876
290 877
486 878
395 879
470 880
111 881
714 882
472 883
214 884
774 885
519 886
16 887
33 888
390 889
240 890
33 891
90 892
769 893
676 894
75 895
524 896
214 897
787 898
358 899
698 900
354 901
369 902
424 903
240 904
477 905
343 906
379 907
556 908
712 909
62 910
886 911
617 912
179 913
874 914
462 915
453 916
828 917
655 918
821 919
63 920
867 921
259 922
386 923
104 924
832 925
336 926
917 927
123 928
105 929
739 930
747 931
674 932
779 933
930 934
844 935
481 936
351 937
292 938
410 939
534 940
310 941
612 942
427 943
142 944
754 945
281 946
427 947
110 948
51 949
937 950
908 951
767 952
363 953
199 954
484 955
629 956
855 957
916 958
778 959
204 960
642 961
113 962
824 963
474 964
932 965
114 966
675 967
586 968
858 969
401 970
1 971
155 972
507 973
517 974
847 975
488 976
831 977
239 978
521 979
724 980
903 981
553 982
798 983
938 984
896 985
258 986
738 987
332 988
231 989
79 990
304 991
127 992
150 993
531 994
231 995
863 996
425 997
259 998
917 999
67 1000
